0.8523	 0.7492	 0.7794	 0.9800	 -0.9800	 -0.9800
0.8573	 0.7596	 0.8235	 0.9800	 -0.9800	 -0.9800
0.7865	 0.7956	 0.8414	 0.9800	 -0.9800	 -0.9800
0.7854	 0.7948	 0.7111	 0.9800	 -0.9800	 -0.9800
0.8072	 0.7960	 0.7497	 0.9800	 -0.9800	 -0.9800
0.8262	 0.7763	 0.8794	 0.9800	 -0.9800	 -0.9800
0.7769	 0.8373	 0.7217	 0.9800	 -0.9800	 -0.9800
0.7576	 0.8115	 0.8102	 0.9800	 -0.9800	 -0.9800
0.8474	 0.7516	 0.8454	 0.9800	 -0.9800	 -0.9800
0.7904	 0.8580	 0.7753	 0.9800	 -0.9800	 -0.9800
0.7646	 0.8003	 0.7520	 0.9800	 -0.9800	 -0.9800
0.8779	 0.7586	 0.7600	 0.9800	 -0.9800	 -0.9800
0.7553	 0.7371	 0.7881	 0.9800	 -0.9800	 -0.9800
0.7927	 0.7772	 0.8352	 0.9800	 -0.9800	 -0.9800
0.8440	 0.8364	 0.7549	 0.9800	 -0.9800	 -0.9800
0.8701	 0.8125	 0.7771	 0.9800	 -0.9800	 -0.9800
0.8624	 0.7829	 0.8132	 0.9800	 -0.9800	 -0.9800
0.7705	 0.7419	 0.7563	 0.9800	 -0.9800	 -0.9800
0.8506	 0.8103	 0.7781	 0.9800	 -0.9800	 -0.9800
0.7324	 0.7649	 0.8127	 0.9800	 -0.9800	 -0.9800
0.8581	 0.7346	 0.7632	 0.9800	 -0.9800	 -0.9800
0.7624	 0.7562	 0.8377	 0.9800	 -0.9800	 -0.9800
0.7775	 0.7950	 0.8743	 0.9800	 -0.9800	 -0.9800
0.7534	 0.7879	 0.8575	 0.9800	 -0.9800	 -0.9800
0.7100	 0.7779	 0.7760	 0.9800	 -0.9800	 -0.9800
0.7927	 0.7491	 0.8324	 0.9800	 -0.9800	 -0.9800
0.8036	 0.7282	 0.7671	 0.9800	 -0.9800	 -0.9800
0.7463	 0.8472	 0.8081	 0.9800	 -0.9800	 -0.9800
0.8241	 0.7492	 0.7792	 0.9800	 -0.9800	 -0.9800
0.8081	 0.7650	 0.7160	 0.9800	 -0.9800	 -0.9800
0.7555	 0.8738	 0.7992	 0.9800	 -0.9800	 -0.9800
0.8737	 0.7632	 0.8147	 0.9800	 -0.9800	 -0.9800
0.8795	 0.8222	 0.8065	 0.9800	 -0.9800	 -0.9800
0.8350	 0.7892	 0.7139	 0.9800	 -0.9800	 -0.9800
0.8559	 0.7812	 0.8386	 0.9800	 -0.9800	 -0.9800
0.8217	 0.7853	 0.8845	 0.9800	 -0.9800	 -0.9800
0.8298	 0.8263	 0.7657	 0.9800	 -0.9800	 -0.9800
0.8602	 0.7898	 0.8020	 0.9800	 -0.9800	 -0.9800
0.7966	 0.7531	 0.7953	 0.9800	 -0.9800	 -0.9800
0.8114	 0.8036	 0.7273	 0.9800	 -0.9800	 -0.9800
0.7542	 0.8188	 0.8640	 0.9800	 -0.9800	 -0.9800
0.8239	 0.7174	 0.8137	 0.9800	 -0.9800	 -0.9800
0.8277	 0.8201	 0.7933	 0.9800	 -0.9800	 -0.9800
0.8553	 0.7557	 0.8250	 0.9800	 -0.9800	 -0.9800
0.7460	 0.7866	 0.7990	 0.9800	 -0.9800	 -0.9800
0.7792	 0.7597	 0.8219	 0.9800	 -0.9800	 -0.9800
0.7779	 0.8826	 0.7562	 0.9800	 -0.9800	 -0.9800
0.8828	 0.7725	 0.8201	 0.9800	 -0.9800	 -0.9800
0.7434	 0.8306	 0.8515	 0.9800	 -0.9800	 -0.9800
0.8025	 0.8817	 0.7962	 0.9800	 -0.9800	 -0.9800
0.7845	 0.7947	 0.7740	 0.9800	 -0.9800	 -0.9800
0.7366	 0.8363	 0.7636	 0.9800	 -0.9800	 -0.9800
0.7114	 0.7765	 0.8209	 0.9800	 -0.9800	 -0.9800
0.7638	 0.8499	 0.8107	 0.9800	 -0.9800	 -0.9800
0.8259	 0.7432	 0.7448	 0.9800	 -0.9800	 -0.9800
0.7965	 0.8107	 0.7307	 0.9800	 -0.9800	 -0.9800
0.8601	 0.7609	 0.7462	 0.9800	 -0.9800	 -0.9800
0.7742	 0.8305	 0.8358	 0.9800	 -0.9800	 -0.9800
0.8807	 0.7606	 0.8276	 0.9800	 -0.9800	 -0.9800
0.8412	 0.7597	 0.7841	 0.9800	 -0.9800	 -0.9800
0.8299	 0.7166	 0.8243	 0.9800	 -0.9800	 -0.9800
0.8331	 0.8157	 0.7164	 0.9800	 -0.9800	 -0.9800
0.8168	 0.7722	 0.7287	 0.9800	 -0.9800	 -0.9800
0.8751	 0.8015	 0.7938	 0.9800	 -0.9800	 -0.9800
0.8039	 0.8574	 0.7282	 0.9800	 -0.9800	 -0.9800
0.7327	 0.7896	 0.8064	 0.9800	 -0.9800	 -0.9800
0.8388	 0.8797	 0.7584	 0.9800	 -0.9800	 -0.9800
0.7209	 0.7864	 0.7825	 0.9800	 -0.9800	 -0.9800
0.7840	 0.8855	 0.7886	 0.9800	 -0.9800	 -0.9800
0.7122	 0.8371	 0.7882	 0.9800	 -0.9800	 -0.9800
0.8214	 0.7772	 0.7108	 0.9800	 -0.9800	 -0.9800
0.8628	 0.7833	 0.8165	 0.9800	 -0.9800	 -0.9800
0.8243	 0.8410	 0.8638	 0.9800	 -0.9800	 -0.9800
0.7506	 0.7841	 0.8655	 0.9800	 -0.9800	 -0.9800
0.8218	 0.7650	 0.8682	 0.9800	 -0.9800	 -0.9800
0.7437	 0.8073	 0.7450	 0.9800	 -0.9800	 -0.9800
0.7535	 0.8156	 0.7321	 0.9800	 -0.9800	 -0.9800
0.8066	 0.7735	 0.7147	 0.9800	 -0.9800	 -0.9800
0.8180	 0.7381	 0.7554	 0.9800	 -0.9800	 -0.9800
0.7985	 0.7128	 0.8097	 0.9800	 -0.9800	 -0.9800
0.8159	 0.8100	 0.7209	 0.9800	 -0.9800	 -0.9800
0.8454	 0.8420	 0.7974	 0.9800	 -0.9800	 -0.9800
0.8064	 0.7421	 0.7320	 0.9800	 -0.9800	 -0.9800
0.8701	 0.7514	 0.7515	 0.9800	 -0.9800	 -0.9800
0.8135	 0.7163	 0.8122	 0.9800	 -0.9800	 -0.9800
0.8144	 0.8426	 0.7183	 0.9800	 -0.9800	 -0.9800
0.8116	 0.7306	 0.8202	 0.9800	 -0.9800	 -0.9800
0.7684	 0.8103	 0.8205	 0.9800	 -0.9800	 -0.9800
0.7468	 0.7467	 0.7484	 0.9800	 -0.9800	 -0.9800
0.8077	 0.8655	 0.7807	 0.9800	 -0.9800	 -0.9800
0.8631	 0.7503	 0.7994	 0.9800	 -0.9800	 -0.9800
0.8170	 0.8316	 0.7334	 0.9800	 -0.9800	 -0.9800
0.8711	 0.8403	 0.7967	 0.9800	 -0.9800	 -0.9800
0.8015	 0.8408	 0.8301	 0.9800	 -0.9800	 -0.9800
0.7870	 0.8515	 0.7436	 0.9800	 -0.9800	 -0.9800
0.8847	 0.8097	 0.8287	 0.9800	 -0.9800	 -0.9800
0.7877	 0.8342	 0.7181	 0.9800	 -0.9800	 -0.9800
0.8104	 0.8054	 0.7701	 0.9800	 -0.9800	 -0.9800
0.8176	 0.8541	 0.7547	 0.9800	 -0.9800	 -0.9800
0.7891	 0.7491	 0.7551	 0.9800	 -0.9800	 -0.9800
0.8513	 0.7842	 0.8780	 0.9800	 -0.9800	 -0.9800
0.8148	 0.8372	 0.7497	 0.9800	 -0.9800	 -0.9800
0.8800	 0.8163	 0.8445	 0.9800	 -0.9800	 -0.9800
0.7221	 0.8603	 0.8021	 0.9800	 -0.9800	 -0.9800
0.7864	 0.7330	 0.7277	 0.9800	 -0.9800	 -0.9800
0.8297	 0.7238	 0.7709	 0.9800	 -0.9800	 -0.9800
0.8084	 0.8701	 0.7997	 0.9800	 -0.9800	 -0.9800
0.7761	 0.7716	 0.7888	 0.9800	 -0.9800	 -0.9800
0.8354	 0.8632	 0.7472	 0.9800	 -0.9800	 -0.9800
0.7571	 0.8630	 0.8509	 0.9800	 -0.9800	 -0.9800
0.8566	 0.8350	 0.7938	 0.9800	 -0.9800	 -0.9800
0.7526	 0.8503	 0.8318	 0.9800	 -0.9800	 -0.9800
0.7969	 0.8542	 0.7265	 0.9800	 -0.9800	 -0.9800
0.7420	 0.7804	 0.8590	 0.9800	 -0.9800	 -0.9800
0.7982	 0.8190	 0.8017	 0.9800	 -0.9800	 -0.9800
0.7945	 0.8511	 0.8194	 0.9800	 -0.9800	 -0.9800
0.7269	 0.7496	 0.8428	 0.9800	 -0.9800	 -0.9800
0.8175	 0.8532	 0.8231	 0.9800	 -0.9800	 -0.9800
0.7310	 0.7987	 0.7450	 0.9800	 -0.9800	 -0.9800
0.8024	 0.7372	 0.7436	 0.9800	 -0.9800	 -0.9800
0.8465	 0.7265	 0.8022	 0.9800	 -0.9800	 -0.9800
0.7337	 0.7403	 0.7619	 0.9800	 -0.9800	 -0.9800
0.7745	 0.8895	 0.7964	 0.9800	 -0.9800	 -0.9800
0.8448	 0.8223	 0.7519	 0.9800	 -0.9800	 -0.9800
0.7482	 0.8141	 0.8134	 0.9800	 -0.9800	 -0.9800
0.8008	 0.8058	 0.7756	 0.9800	 -0.9800	 -0.9800
0.7835	 0.7534	 0.8373	 0.9800	 -0.9800	 -0.9800
0.8579	 0.7513	 0.7381	 0.9800	 -0.9800	 -0.9800
0.7977	 0.8318	 0.8162	 0.9800	 -0.9800	 -0.9800
0.8572	 0.8433	 0.7922	 0.9800	 -0.9800	 -0.9800
0.8422	 0.7266	 0.7522	 0.9800	 -0.9800	 -0.9800
0.8224	 0.7501	 0.8835	 0.9800	 -0.9800	 -0.9800
0.8516	 0.8580	 0.7670	 0.9800	 -0.9800	 -0.9800
0.8159	 0.8646	 0.7727	 0.9800	 -0.9800	 -0.9800
0.7947	 0.8909	 0.8037	 0.9800	 -0.9800	 -0.9800
0.7566	 0.8100	 0.7808	 0.9800	 -0.9800	 -0.9800
0.8374	 0.8367	 0.8764	 0.9800	 -0.9800	 -0.9800
0.7527	 0.8667	 0.7974	 0.9800	 -0.9800	 -0.9800
0.8651	 0.7606	 0.7980	 0.9800	 -0.9800	 -0.9800
0.7940	 0.8267	 0.8469	 0.9800	 -0.9800	 -0.9800
0.7679	 0.8222	 0.8730	 0.9800	 -0.9800	 -0.9800
0.7352	 0.8153	 0.7301	 0.9800	 -0.9800	 -0.9800
0.7424	 0.7751	 0.8742	 0.9800	 -0.9800	 -0.9800
0.8327	 0.7888	 0.8155	 0.9800	 -0.9800	 -0.9800
0.7965	 0.7477	 0.7542	 0.9800	 -0.9800	 -0.9800
0.7457	 0.7561	 0.7290	 0.9800	 -0.9800	 -0.9800
0.7877	 0.7573	 0.7811	 0.9800	 -0.9800	 -0.9800
0.8425	 0.7305	 0.8524	 0.9800	 -0.9800	 -0.9800
0.7573	 0.7569	 0.7332	 0.9800	 -0.9800	 -0.9800
0.8733	 0.8435	 0.7657	 0.9800	 -0.9800	 -0.9800
0.8825	 0.7752	 0.7911	 0.9800	 -0.9800	 -0.9800
0.7216	 0.8305	 0.7471	 0.9800	 -0.9800	 -0.9800
0.8527	 0.8338	 0.7560	 0.9800	 -0.9800	 -0.9800
0.8503	 0.8071	 0.7919	 0.9800	 -0.9800	 -0.9800
0.7627	 0.7912	 0.7817	 0.9800	 -0.9800	 -0.9800
0.7357	 0.7761	 0.7841	 0.9800	 -0.9800	 -0.9800
0.8564	 0.8114	 0.8598	 0.9800	 -0.9800	 -0.9800
0.7299	 0.8327	 0.8257	 0.9800	 -0.9800	 -0.9800
0.7307	 0.8185	 0.8348	 0.9800	 -0.9800	 -0.9800
0.7345	 0.7861	 0.8548	 0.9800	 -0.9800	 -0.9800
0.8275	 0.7684	 0.7468	 0.9800	 -0.9800	 -0.9800
0.7735	 0.7279	 0.7663	 0.9800	 -0.9800	 -0.9800
0.7685	 0.8607	 0.7324	 0.9800	 -0.9800	 -0.9800
0.8624	 0.8371	 0.8235	 0.9800	 -0.9800	 -0.9800
0.7257	 0.8133	 0.7803	 0.9800	 -0.9800	 -0.9800
0.7944	 0.8040	 0.7215	 0.9800	 -0.9800	 -0.9800
0.8316	 0.8889	 0.8049	 0.9800	 -0.9800	 -0.9800
0.7554	 0.8112	 0.8384	 0.9800	 -0.9800	 -0.9800
0.7473	 0.7914	 0.8395	 0.9800	 -0.9800	 -0.9800
0.7849	 0.7986	 0.7441	 0.9800	 -0.9800	 -0.9800
0.7382	 0.8115	 0.7758	 0.9800	 -0.9800	 -0.9800
0.7810	 0.7899	 0.8677	 0.9800	 -0.9800	 -0.9800
0.8194	 0.8261	 0.7698	 0.9800	 -0.9800	 -0.9800
0.7815	 0.7741	 0.8573	 0.9800	 -0.9800	 -0.9800
0.7729	 0.7249	 0.7728	 0.9800	 -0.9800	 -0.9800
0.7158	 0.7814	 0.8431	 0.9800	 -0.9800	 -0.9800
0.8694	 0.7311	 0.7900	 0.9800	 -0.9800	 -0.9800
0.7619	 0.7298	 0.8107	 0.9800	 -0.9800	 -0.9800
0.8216	 0.8342	 0.7882	 0.9800	 -0.9800	 -0.9800
0.7459	 0.8115	 0.7541	 0.9800	 -0.9800	 -0.9800
0.7063	 0.8224	 0.8130	 0.9800	 -0.9800	 -0.9800
0.7885	 0.7282	 0.8361	 0.9800	 -0.9800	 -0.9800
0.7541	 0.7612	 0.8095	 0.9800	 -0.9800	 -0.9800
0.7815	 0.7668	 0.7128	 0.9800	 -0.9800	 -0.9800
0.7942	 0.8169	 0.7222	 0.9800	 -0.9800	 -0.9800
0.7597	 0.8292	 0.7500	 0.9800	 -0.9800	 -0.9800
0.7618	 0.7703	 0.8708	 0.9800	 -0.9800	 -0.9800
0.7926	 0.7045	 0.7777	 0.9800	 -0.9800	 -0.9800
0.8350	 0.8369	 0.8797	 0.9800	 -0.9800	 -0.9800
0.8762	 0.7707	 0.7437	 0.9800	 -0.9800	 -0.9800
0.8126	 0.8002	 0.7245	 0.9800	 -0.9800	 -0.9800
0.7903	 0.8192	 0.7850	 0.9800	 -0.9800	 -0.9800
0.7610	 0.8634	 0.7747	 0.9800	 -0.9800	 -0.9800
0.7598	 0.7721	 0.7590	 0.9800	 -0.9800	 -0.9800
0.7327	 0.7858	 0.7475	 0.9800	 -0.9800	 -0.9800
0.8550	 0.8679	 0.8289	 0.9800	 -0.9800	 -0.9800
0.8453	 0.7853	 0.7546	 0.9800	 -0.9800	 -0.9800
0.8005	 0.8292	 0.7968	 0.9800	 -0.9800	 -0.9800
0.8668	 0.8438	 0.8127	 0.9800	 -0.9800	 -0.9800
0.7733	 0.7937	 0.7758	 0.9800	 -0.9800	 -0.9800
-0.6705	 -0.9653	 -0.9203	 -0.9800	 0.9800	 -0.9800
-0.7154	 -0.9293	 -0.6200	 -0.9800	 0.9800	 -0.9800
-0.8815	 -0.9083	 -0.6515	 -0.9800	 0.9800	 -0.9800
-0.7900	 -0.7165	 -0.6826	 -0.9800	 0.9800	 -0.9800
-0.6630	 -0.7599	 -0.9478	 -0.9800	 0.9800	 -0.9800
-0.7359	 -0.5891	 -0.7519	 -0.9800	 0.9800	 -0.9800
-0.9694	 -0.8887	 -0.9442	 -0.9800	 0.9800	 -0.9800
-0.9156	 -0.7801	 -0.9977	 -0.9800	 0.9800	 -0.9800
-0.7732	 -0.8394	 -0.6763	 -0.9800	 0.9800	 -0.9800
-0.8501	 -0.8414	 -0.7052	 -0.9800	 0.9800	 -0.9800
-0.8362	 -0.8205	 -0.7087	 -0.9800	 0.9800	 -0.9800
-0.6415	 -0.8478	 -0.8042	 -0.9800	 0.9800	 -0.9800
-0.7307	 -0.9184	 -0.8163	 -0.9800	 0.9800	 -0.9800
-0.8838	 -0.6054	 -0.6902	 -0.9800	 0.9800	 -0.9800
-0.7295	 -0.8925	 -0.5932	 -0.9800	 0.9800	 -0.9800
-0.8224	 -0.6002	 -0.6837	 -0.9800	 0.9800	 -0.9800
-0.9384	 -0.8849	 -0.7925	 -0.9800	 0.9800	 -0.9800
-0.7807	 -0.7006	 -0.9375	 -0.9800	 0.9800	 -0.9800
-0.8464	 -0.8078	 -0.8479	 -0.9800	 0.9800	 -0.9800
-0.9600	 -0.8336	 -0.7484	 -0.9800	 0.9800	 -0.9800
-0.6131	 -0.8876	 -0.7117	 -0.9800	 0.9800	 -0.9800
-0.8574	 -0.6704	 -0.9899	 -0.9800	 0.9800	 -0.9800
-0.7305	 -0.9143	 -0.6123	 -0.9800	 0.9800	 -0.9800
-0.9601	 -0.7482	 -0.6770	 -0.9800	 0.9800	 -0.9800
-0.8763	 -0.6011	 -0.6849	 -0.9800	 0.9800	 -0.9800
-0.7648	 -0.8707	 -0.9680	 -0.9800	 0.9800	 -0.9800
-0.7703	 -0.6352	 -0.7680	 -0.9800	 0.9800	 -0.9800
-0.8750	 -0.5759	 -0.7955	 -0.9800	 0.9800	 -0.9800
-0.8853	 -0.5956	 -0.7710	 -0.9800	 0.9800	 -0.9800
-0.6071	 -0.7799	 -0.6606	 -0.9800	 0.9800	 -0.9800
-0.8065	 -0.8287	 -0.8085	 -0.9800	 0.9800	 -0.9800
-0.6822	 -0.8106	 -0.9915	 -0.9800	 0.9800	 -0.9800
-0.7180	 -0.6966	 -0.8720	 -0.9800	 0.9800	 -0.9800
-0.7410	 -0.7903	 -0.9337	 -0.9800	 0.9800	 -0.9800
-0.8120	 -0.7656	 -0.7302	 -0.9800	 0.9800	 -0.9800
-0.9809	 -0.6798	 -0.7741	 -0.9800	 0.9800	 -0.9800
-0.7235	 -0.6853	 -0.7471	 -0.9800	 0.9800	 -0.9800
-0.6740	 -0.7661	 -0.9685	 -0.9800	 0.9800	 -0.9800
-0.8648	 -0.5735	 -0.8048	 -0.9800	 0.9800	 -0.9800
-0.7395	 -0.9540	 -0.8740	 -0.9800	 0.9800	 -0.9800
-0.9122	 -0.8829	 -0.8553	 -0.9800	 0.9800	 -0.9800
-0.6818	 -0.9588	 -0.7424	 -0.9800	 0.9800	 -0.9800
-0.8878	 -0.7763	 -0.7235	 -0.9800	 0.9800	 -0.9800
-0.7866	 -0.6824	 -0.5976	 -0.9800	 0.9800	 -0.9800
-0.9838	 -0.8062	 -0.6583	 -0.9800	 0.9800	 -0.9800
-0.7495	 -0.9363	 -0.6964	 -0.9800	 0.9800	 -0.9800
-0.7046	 -0.7983	 -0.9989	 -0.9800	 0.9800	 -0.9800
-0.6523	 -0.8559	 -0.8262	 -0.9800	 0.9800	 -0.9800
-0.7196	 -0.7535	 -0.8369	 -0.9800	 0.9800	 -0.9800
-0.6489	 -0.9150	 -0.7824	 -0.9800	 0.9800	 -0.9800
-0.6748	 -0.8776	 -0.9096	 -0.9800	 0.9800	 -0.9800
-0.6452	 -0.8627	 -0.6277	 -0.9800	 0.9800	 -0.9800
-0.7498	 -0.6269	 -0.6877	 -0.9800	 0.9800	 -0.9800
-0.6688	 -0.7589	 -0.6250	 -0.9800	 0.9800	 -0.9800
-0.6495	 -0.9411	 -0.7347	 -0.9800	 0.9800	 -0.9800
-0.6992	 -0.6279	 -0.9120	 -0.9800	 0.9800	 -0.9800
-0.9471	 -0.7717	 -0.8268	 -0.9800	 0.9800	 -0.9800
-0.7593	 -0.9794	 -0.7393	 -0.9800	 0.9800	 -0.9800
-0.6651	 -0.7227	 -0.6478	 -0.9800	 0.9800	 -0.9800
-0.9671	 -0.7142	 -0.8856	 -0.9800	 0.9800	 -0.9800
-0.7829	 -0.6916	 -0.9087	 -0.9800	 0.9800	 -0.9800
-0.6158	 -0.7663	 -0.7817	 -0.9800	 0.9800	 -0.9800
-0.7778	 -0.9167	 -0.9412	 -0.9800	 0.9800	 -0.9800
-0.7180	 -0.7514	 -0.9079	 -0.9800	 0.9800	 -0.9800
-0.7704	 -0.8712	 -0.7664	 -0.9800	 0.9800	 -0.9800
-0.8508	 -0.7778	 -0.8660	 -0.9800	 0.9800	 -0.9800
-0.5903	 -0.8467	 -0.7200	 -0.9800	 0.9800	 -0.9800
-0.9382	 -0.8290	 -0.7509	 -0.9800	 0.9800	 -0.9800
-0.6566	 -0.6910	 -0.8559	 -0.9800	 0.9800	 -0.9800
-0.9037	 -0.6579	 -0.9405	 -0.9800	 0.9800	 -0.9800
-0.8529	 -0.9037	 -0.8260	 -0.9800	 0.9800	 -0.9800
-0.7985	 -0.9764	 -0.9288	 -0.9800	 0.9800	 -0.9800
-0.8860	 -0.7185	 -0.9858	 -0.9800	 0.9800	 -0.9800
-0.7525	 -0.8353	 -0.7590	 -0.9800	 0.9800	 -0.9800
-0.7287	 -0.9217	 -0.9822	 -0.9800	 0.9800	 -0.9800
-0.8599	 -0.9128	 -0.6296	 -0.9800	 0.9800	 -0.9800
-0.9346	 -0.8756	 -0.7105	 -0.9800	 0.9800	 -0.9800
-0.7458	 -0.6031	 -0.8492	 -0.9800	 0.9800	 -0.9800
-0.9665	 -0.7811	 -0.8836	 -0.9800	 0.9800	 -0.9800
-0.7443	 -0.7161	 -0.8060	 -0.9800	 0.9800	 -0.9800
-0.7759	 -0.6212	 -0.8710	 -0.9800	 0.9800	 -0.9800
-0.8800	 -0.7523	 -0.8211	 -0.9800	 0.9800	 -0.9800
-0.6313	 -0.8801	 -0.6885	 -0.9800	 0.9800	 -0.9800
-0.8025	 -0.8270	 -0.8146	 -0.9800	 0.9800	 -0.9800
-0.7157	 -0.7857	 -0.9877	 -0.9800	 0.9800	 -0.9800
-0.7370	 -0.9289	 -0.8952	 -0.9800	 0.9800	 -0.9800
-0.6238	 -0.7756	 -0.9531	 -0.9800	 0.9800	 -0.9800
-0.8759	 -0.6687	 -0.6380	 -0.9800	 0.9800	 -0.9800
-0.8976	 -0.9606	 -0.7045	 -0.9800	 0.9800	 -0.9800
-0.9335	 -0.6221	 -0.8182	 -0.9800	 0.9800	 -0.9800
-0.9574	 -0.8064	 -0.7201	 -0.9800	 0.9800	 -0.9800
-0.7700	 -0.9767	 -0.8388	 -0.9800	 0.9800	 -0.9800
-0.7709	 -0.6002	 -0.7603	 -0.9800	 0.9800	 -0.9800
-0.6423	 -0.8078	 -0.7900	 -0.9800	 0.9800	 -0.9800
-0.8799	 -0.6748	 -0.7330	 -0.9800	 0.9800	 -0.9800
-0.7582	 -0.9391	 -0.7514	 -0.9800	 0.9800	 -0.9800
-0.6977	 -0.7874	 -0.9668	 -0.9800	 0.9800	 -0.9800
-0.7098	 -0.9383	 -0.8622	 -0.9800	 0.9800	 -0.9800
-0.6798	 -0.9491	 -0.9433	 -0.9800	 0.9800	 -0.9800
-0.9928	 -0.8500	 -0.8346	 -0.9800	 0.9800	 -0.9800
-0.7592	 -0.6372	 -0.7481	 -0.9800	 0.9800	 -0.9800
-0.8989	 -0.8294	 -0.9622	 -0.9800	 0.9800	 -0.9800
-0.9787	 -0.7538	 -0.8442	 -0.9800	 0.9800	 -0.9800
-0.6875	 -0.7639	 -0.9203	 -0.9800	 0.9800	 -0.9800
-0.6811	 -0.8387	 -0.9685	 -0.9800	 0.9800	 -0.9800
-0.6714	 -0.7167	 -0.6459	 -0.9800	 0.9800	 -0.9800
-0.9464	 -0.7989	 -0.8341	 -0.9800	 0.9800	 -0.9800
-0.6667	 -0.9724	 -0.7655	 -0.9800	 0.9800	 -0.9800
-0.8180	 -0.6159	 -0.7914	 -0.9800	 0.9800	 -0.9800
-0.8729	 -0.9799	 -0.6722	 -0.9800	 0.9800	 -0.9800
-0.7162	 -0.8597	 -0.9104	 -0.9800	 0.9800	 -0.9800
-0.8369	 -0.8619	 -0.8348	 -0.9800	 0.9800	 -0.9800
-0.8318	 -0.9680	 -0.7722	 -0.9800	 0.9800	 -0.9800
-0.9385	 -0.7231	 -0.8496	 -0.9800	 0.9800	 -0.9800
-0.9425	 -0.6901	 -0.7068	 -0.9800	 0.9800	 -0.9800
-0.8229	 -0.7643	 -0.7294	 -0.9800	 0.9800	 -0.9800
-0.7107	 -0.5886	 -0.8025	 -0.9800	 0.9800	 -0.9800
-0.9426	 -0.8830	 -0.6912	 -0.9800	 0.9800	 -0.9800
-0.8905	 -0.7891	 -0.8362	 -0.9800	 0.9800	 -0.9800
-0.9768	 -0.8666	 -0.9311	 -0.9800	 0.9800	 -0.9800
-0.8512	 -0.7115	 -0.8673	 -0.9800	 0.9800	 -0.9800
-0.6625	 -0.9154	 -0.7377	 -0.9800	 0.9800	 -0.9800
-0.6830	 -0.7951	 -0.7325	 -0.9800	 0.9800	 -0.9800
-0.6523	 -0.8047	 -0.6738	 -0.9800	 0.9800	 -0.9800
-0.7834	 -0.9122	 -0.8856	 -0.9800	 0.9800	 -0.9800
-0.8312	 -0.7983	 -0.7376	 -0.9800	 0.9800	 -0.9800
-0.6256	 -0.9319	 -0.8273	 -0.9800	 0.9800	 -0.9800
-0.6830	 -0.8665	 -0.9583	 -0.9800	 0.9800	 -0.9800
-0.8670	 -0.9344	 -0.8613	 -0.9800	 0.9800	 -0.9800
-0.8228	 -0.7429	 -0.8792	 -0.9800	 0.9800	 -0.9800
-0.7154	 -0.7812	 -0.6773	 -0.9800	 0.9800	 -0.9800
-0.7975	 -0.9251	 -0.7872	 -0.9800	 0.9800	 -0.9800
-0.9820	 -0.8058	 -0.6726	 -0.9800	 0.9800	 -0.9800
-0.8893	 -0.6266	 -0.8661	 -0.9800	 0.9800	 -0.9800
-0.8439	 -0.8312	 -0.8647	 -0.9800	 0.9800	 -0.9800
-0.7957	 -0.7044	 -0.6477	 -0.9800	 0.9800	 -0.9800
-0.7566	 -0.7716	 -0.7055	 -0.9800	 0.9800	 -0.9800
-0.6491	 -0.9637	 -0.7571	 -0.9800	 0.9800	 -0.9800
-0.9915	 -0.7883	 -0.9439	 -0.9800	 0.9800	 -0.9800
-0.7878	 -0.6638	 -0.9496	 -0.9800	 0.9800	 -0.9800
-0.6037	 -0.6719	 -0.7610	 -0.9800	 0.9800	 -0.9800
-0.6498	 -0.8732	 -0.8383	 -0.9800	 0.9800	 -0.9800
-0.6969	 -0.7146	 -0.9329	 -0.9800	 0.9800	 -0.9800
-0.8780	 -0.6610	 -0.9465	 -0.9800	 0.9800	 -0.9800
-0.8381	 -0.8311	 -0.6554	 -0.9800	 0.9800	 -0.9800
-0.8797	 -0.7538	 -0.6399	 -0.9800	 0.9800	 -0.9800
-0.8380	 -0.7532	 -0.6609	 -0.9800	 0.9800	 -0.9800
-0.9890	 -0.8233	 -0.8771	 -0.9800	 0.9800	 -0.9800
-0.8802	 -0.8280	 -0.6895	 -0.9800	 0.9800	 -0.9800
-0.9696	 -0.7116	 -0.8394	 -0.9800	 0.9800	 -0.9800
-0.6731	 -0.9910	 -0.7760	 -0.9800	 0.9800	 -0.9800
-0.7355	 -0.6170	 -0.9318	 -0.9800	 0.9800	 -0.9800
-0.8411	 -0.9938	 -0.9019	 -0.9800	 0.9800	 -0.9800
-0.7847	 -0.7390	 -0.5643	 -0.9800	 0.9800	 -0.9800
-0.7652	 -0.5622	 -0.8293	 -0.9800	 0.9800	 -0.9800
-0.6826	 -0.7448	 -0.8760	 -0.9800	 0.9800	 -0.9800
-0.7686	 -0.9963	 -0.7714	 -0.9800	 0.9800	 -0.9800
-0.6906	 -0.7088	 -0.9573	 -0.9800	 0.9800	 -0.9800
-0.6988	 -0.7024	 -0.9365	 -0.9800	 0.9800	 -0.9800
-0.6388	 -0.8488	 -0.9559	 -0.9800	 0.9800	 -0.9800
-0.7215	 -0.6249	 -0.8973	 -0.9800	 0.9800	 -0.9800
-0.5757	 -0.7783	 -0.8677	 -0.9800	 0.9800	 -0.9800
-0.7257	 -0.9610	 -0.6392	 -0.9800	 0.9800	 -0.9800
-0.6379	 -0.8178	 -0.8118	 -0.9800	 0.9800	 -0.9800
-0.6802	 -0.9383	 -0.7950	 -0.9800	 0.9800	 -0.9800
-0.7241	 -0.8947	 -0.8399	 -0.9800	 0.9800	 -0.9800
-0.8639	 -0.7326	 -0.9952	 -0.9800	 0.9800	 -0.9800
-0.7500	 -0.6288	 -0.6793	 -0.9800	 0.9800	 -0.9800
-0.7487	 -0.5843	 -0.7135	 -0.9800	 0.9800	 -0.9800
-0.6539	 -0.7584	 -0.8765	 -0.9800	 0.9800	 -0.9800
-0.7191	 -0.6148	 -0.8287	 -0.9800	 0.9800	 -0.9800
-0.7907	 -0.9906	 -0.9434	 -0.9800	 0.9800	 -0.9800
-0.8320	 -0.8363	 -0.8734	 -0.9800	 0.9800	 -0.9800
-0.9537	 -0.7259	 -0.9127	 -0.9800	 0.9800	 -0.9800
-0.8038	 -0.6055	 -0.9464	 -0.9800	 0.9800	 -0.9800
-0.7617	 -0.8762	 -0.6110	 -0.9800	 0.9800	 -0.9800
-0.8633	 -0.9613	 -0.6623	 -0.9800	 0.9800	 -0.9800
-0.7362	 -0.8253	 -0.7689	 -0.9800	 0.9800	 -0.9800
-0.6592	 -0.7857	 -0.6447	 -0.9800	 0.9800	 -0.9800
-0.9832	 -0.7779	 -0.8039	 -0.9800	 0.9800	 -0.9800
-0.9364	 -0.8553	 -0.9066	 -0.9800	 0.9800	 -0.9800
-0.8149	 -0.7104	 -0.6552	 -0.9800	 0.9800	 -0.9800
-0.8033	 -0.6262	 -0.6565	 -0.9800	 0.9800	 -0.9800
-0.9767	 -0.9202	 -0.8966	 -0.9800	 0.9800	 -0.9800
-0.6121	 -0.8358	 -0.9304	 -0.9800	 0.9800	 -0.9800
-0.6309	 -0.8853	 -0.9386	 -0.9800	 0.9800	 -0.9800
-0.9239	 -0.9052	 -0.8208	 -0.9800	 0.9800	 -0.9800
-0.8436	 -0.7488	 -0.6680	 -0.9800	 0.9800	 -0.9800
-0.7438	 -0.9080	 -0.8782	 -0.9800	 0.9800	 -0.9800
-0.6204	 -0.8388	 -0.6554	 -0.9800	 0.9800	 -0.9800
-0.9274	 -0.8704	 -0.7994	 -0.9800	 0.9800	 -0.9800
-0.8128	 -0.9170	 -0.6062	 -0.9800	 0.9800	 -0.9800
-0.8885	 -0.8387	 -0.7908	 -0.9800	 0.9800	 -0.9800
-0.8471	 -0.7092	 -0.9517	 -0.9800	 0.9800	 -0.9800
-0.7383	 -0.8461	 -0.9480	 -0.9800	 0.9800	 -0.9800
-0.7308	 -0.7604	 -0.6066	 -0.9800	 0.9800	 -0.9800
-0.7358	 -0.8430	 -0.7852	 -0.9800	 0.9800	 -0.9800
-0.8096	 -0.6067	 -0.7311	 -0.9800	 0.9800	 -0.9800
-0.9322	 -0.6576	 -0.6948	 -0.9800	 0.9800	 -0.9800
-0.6630	 -0.9286	 -0.9542	 -0.9800	 0.9800	 -0.9800
0.0246	 0.0705	 -0.0294	 -0.9800	 -0.9800	 0.9800
0.0354	 -0.1078	 -0.0506	 -0.9800	 -0.9800	 0.9800
0.1598	 0.0980	 0.0215	 -0.9800	 -0.9800	 0.9800
-0.1459	 -0.0857	 0.0276	 -0.9800	 -0.9800	 0.9800
-0.1838	 0.0045	 0.0739	 -0.9800	 -0.9800	 0.9800
0.1462	 -0.0420	 0.1077	 -0.9800	 -0.9800	 0.9800
-0.1751	 0.0528	 -0.0738	 -0.9800	 -0.9800	 0.9800
-0.1144	 0.0554	 -0.0054	 -0.9800	 -0.9800	 0.9800
0.0590	 0.1211	 0.0316	 -0.9800	 -0.9800	 0.9800
0.0374	 -0.0068	 0.1628	 -0.9800	 -0.9800	 0.9800
0.1355	 -0.0750	 0.0153	 -0.9800	 -0.9800	 0.9800
-0.0622	 0.1551	 -0.0454	 -0.9800	 -0.9800	 0.9800
-0.1355	 0.0222	 0.0818	 -0.9800	 -0.9800	 0.9800
0.1754	 0.0555	 0.0066	 -0.9800	 -0.9800	 0.9800
0.1023	 -0.1369	 -0.0029	 -0.9800	 -0.9800	 0.9800
-0.0442	 -0.0462	 0.1042	 -0.9800	 -0.9800	 0.9800
-0.0404	 0.1537	 -0.0578	 -0.9800	 -0.9800	 0.9800
0.0349	 0.1749	 0.0678	 -0.9800	 -0.9800	 0.9800
0.0697	 0.0593	 -0.0167	 -0.9800	 -0.9800	 0.9800
0.0317	 -0.0774	 0.0563	 -0.9800	 -0.9800	 0.9800
0.0249	 0.0960	 -0.0374	 -0.9800	 -0.9800	 0.9800
0.1003	 0.0247	 -0.1368	 -0.9800	 -0.9800	 0.9800
0.0693	 -0.1070	 0.1143	 -0.9800	 -0.9800	 0.9800
-0.1515	 -0.1125	 0.0153	 -0.9800	 -0.9800	 0.9800
-0.1130	 -0.1125	 -0.0593	 -0.9800	 -0.9800	 0.9800
0.0529	 -0.1083	 -0.0698	 -0.9800	 -0.9800	 0.9800
0.1343	 -0.1163	 -0.0512	 -0.9800	 -0.9800	 0.9800
-0.1588	 0.0619	 0.0889	 -0.9800	 -0.9800	 0.9800
0.0405	 0.0211	 0.0380	 -0.9800	 -0.9800	 0.9800
0.0648	 -0.0682	 0.0371	 -0.9800	 -0.9800	 0.9800
-0.0073	 0.0696	 -0.0973	 -0.9800	 -0.9800	 0.9800
0.1110	 0.0982	 0.1254	 -0.9800	 -0.9800	 0.9800
-0.1457	 -0.0498	 0.0274	 -0.9800	 -0.9800	 0.9800
-0.0102	 0.1723	 -0.0130	 -0.9800	 -0.9800	 0.9800
-0.1007	 -0.0574	 0.1107	 -0.9800	 -0.9800	 0.9800
0.0894	 -0.1586	 -0.0160	 -0.9800	 -0.9800	 0.9800
-0.0925	 -0.0831	 -0.0903	 -0.9800	 -0.9800	 0.9800
-0.0524	 0.1788	 0.0498	 -0.9800	 -0.9800	 0.9800
0.0142	 -0.0999	 0.0901	 -0.9800	 -0.9800	 0.9800
0.0955	 -0.0697	 0.0293	 -0.9800	 -0.9800	 0.9800
0.0307	 0.0681	 -0.0237	 -0.9800	 -0.9800	 0.9800
0.1433	 0.0932	 0.0645	 -0.9800	 -0.9800	 0.9800
-0.0733	 0.0433	 0.0486	 -0.9800	 -0.9800	 0.9800
0.1232	 -0.0290	 -0.1356	 -0.9800	 -0.9800	 0.9800
-0.0771	 0.0340	 0.0893	 -0.9800	 -0.9800	 0.9800
0.1055	 0.1211	 0.0145	 -0.9800	 -0.9800	 0.9800
-0.0301	 -0.0878	 0.0365	 -0.9800	 -0.9800	 0.9800
0.0146	 0.1353	 0.1013	 -0.9800	 -0.9800	 0.9800
0.1034	 -0.0523	 0.1354	 -0.9800	 -0.9800	 0.9800
0.0712	 -0.0142	 -0.1150	 -0.9800	 -0.9800	 0.9800
0.0345	 -0.0251	 -0.1220	 -0.9800	 -0.9800	 0.9800
0.0618	 -0.0307	 0.1361	 -0.9800	 -0.9800	 0.9800
-0.0610	 0.1557	 -0.1048	 -0.9800	 -0.9800	 0.9800
0.0940	 0.0336	 -0.1322	 -0.9800	 -0.9800	 0.9800
0.0266	 -0.0808	 0.0319	 -0.9800	 -0.9800	 0.9800
-0.0214	 -0.0665	 -0.0768	 -0.9800	 -0.9800	 0.9800
-0.0324	 0.1086	 0.1398	 -0.9800	 -0.9800	 0.9800
0.0305	 0.0299	 0.1945	 -0.9800	 -0.9800	 0.9800
0.1272	 -0.0528	 0.0747	 -0.9800	 -0.9800	 0.9800
0.1044	 0.0049	 -0.1522	 -0.9800	 -0.9800	 0.9800
0.0313	 -0.0624	 0.0063	 -0.9800	 -0.9800	 0.9800
-0.1698	 -0.0272	 -0.0159	 -0.9800	 -0.9800	 0.9800
-0.1470	 0.1132	 0.0574	 -0.9800	 -0.9800	 0.9800
-0.1044	 0.0345	 -0.0295	 -0.9800	 -0.9800	 0.9800
-0.1501	 -0.0287	 -0.0012	 -0.9800	 -0.9800	 0.9800
-0.1136	 0.1513	 0.0407	 -0.9800	 -0.9800	 0.9800
-0.1442	 0.0219	 0.0472	 -0.9800	 -0.9800	 0.9800
-0.1141	 -0.0315	 -0.1124	 -0.9800	 -0.9800	 0.9800
-0.0755	 0.0599	 0.0316	 -0.9800	 -0.9800	 0.9800
-0.0159	 -0.0381	 -0.1166	 -0.9800	 -0.9800	 0.9800
0.1465	 -0.1017	 0.0366	 -0.9800	 -0.9800	 0.9800
-0.0488	 0.0285	 -0.0680	 -0.9800	 -0.9800	 0.9800
-0.0079	 0.1107	 -0.0733	 -0.9800	 -0.9800	 0.9800
-0.1026	 0.1280	 -0.0390	 -0.9800	 -0.9800	 0.9800
0.1281	 0.0109	 -0.0226	 -0.9800	 -0.9800	 0.9800
-0.1369	 0.0932	 0.0431	 -0.9800	 -0.9800	 0.9800
-0.1112	 0.0894	 -0.0875	 -0.9800	 -0.9800	 0.9800
-0.0668	 0.1023	 0.1188	 -0.9800	 -0.9800	 0.9800
0.1306	 -0.0944	 0.0493	 -0.9800	 -0.9800	 0.9800
0.0205	 -0.0649	 -0.0745	 -0.9800	 -0.9800	 0.9800
-0.1591	 -0.0883	 -0.0811	 -0.9800	 -0.9800	 0.9800
0.0034	 0.0108	 0.1326	 -0.9800	 -0.9800	 0.9800
-0.0885	 0.1017	 -0.1142	 -0.9800	 -0.9800	 0.9800
0.0573	 -0.1101	 -0.0572	 -0.9800	 -0.9800	 0.9800
-0.0930	 -0.0286	 -0.1529	 -0.9800	 -0.9800	 0.9800
0.0843	 0.0697	 -0.0247	 -0.9800	 -0.9800	 0.9800
-0.0854	 -0.1311	 -0.0624	 -0.9800	 -0.9800	 0.9800
-0.1650	 0.0158	 -0.0508	 -0.9800	 -0.9800	 0.9800
-0.0160	 -0.0387	 -0.1433	 -0.9800	 -0.9800	 0.9800
0.1142	 -0.0323	 0.0030	 -0.9800	 -0.9800	 0.9800
0.0016	 0.0976	 -0.0324	 -0.9800	 -0.9800	 0.9800
-0.0682	 -0.0527	 0.0638	 -0.9800	 -0.9800	 0.9800
0.0462	 -0.1474	 0.0556	 -0.9800	 -0.9800	 0.9800
0.1510	 -0.0250	 0.0205	 -0.9800	 -0.9800	 0.9800
-0.1123	 -0.0817	 -0.0559	 -0.9800	 -0.9800	 0.9800
0.0576	 -0.0873	 0.1478	 -0.9800	 -0.9800	 0.9800
-0.1401	 0.0038	 0.0593	 -0.9800	 -0.9800	 0.9800
0.0577	 0.1506	 -0.0952	 -0.9800	 -0.9800	 0.9800
0.0492	 0.0564	 -0.0462	 -0.9800	 -0.9800	 0.9800
-0.0119	 -0.0242	 0.1424	 -0.9800	 -0.9800	 0.9800
-0.0539	 -0.0762	 0.1083	 -0.9800	 -0.9800	 0.9800
-0.0847	 0.1328	 -0.1043	 -0.9800	 -0.9800	 0.9800
-0.0919	 0.0886	 -0.0779	 -0.9800	 -0.9800	 0.9800
-0.1419	 -0.0702	 0.0485	 -0.9800	 -0.9800	 0.9800
0.0091	 -0.1372	 -0.1322	 -0.9800	 -0.9800	 0.9800
-0.0122	 -0.1043	 0.0420	 -0.9800	 -0.9800	 0.9800
0.1003	 -0.0054	 0.0144	 -0.9800	 -0.9800	 0.9800
0.1188	 -0.0955	 0.1227	 -0.9800	 -0.9800	 0.9800
0.0281	 -0.0705	 0.1768	 -0.9800	 -0.9800	 0.9800
-0.1192	 0.0020	 -0.1249	 -0.9800	 -0.9800	 0.9800
0.0173	 0.0186	 0.0515	 -0.9800	 -0.9800	 0.9800
0.0785	 0.1226	 -0.1039	 -0.9800	 -0.9800	 0.9800
0.1897	 0.0205	 0.0576	 -0.9800	 -0.9800	 0.9800
0.0446	 -0.1234	 0.0212	 -0.9800	 -0.9800	 0.9800
0.0877	 -0.0614	 0.0483	 -0.9800	 -0.9800	 0.9800
-0.0552	 0.0165	 -0.0311	 -0.9800	 -0.9800	 0.9800
0.0077	 0.0664	 0.1554	 -0.9800	 -0.9800	 0.9800
0.0935	 -0.0420	 0.1448	 -0.9800	 -0.9800	 0.9800
0.0936	 0.0274	 0.0401	 -0.9800	 -0.9800	 0.9800
0.1230	 0.0612	 -0.1410	 -0.9800	 -0.9800	 0.9800
0.0256	 -0.0130	 -0.1312	 -0.9800	 -0.9800	 0.9800
-0.0918	 0.0730	 0.0520	 -0.9800	 -0.9800	 0.9800
0.0270	 -0.0816	 0.0657	 -0.9800	 -0.9800	 0.9800
-0.1156	 -0.0103	 -0.0829	 -0.9800	 -0.9800	 0.9800
-0.0038	 0.0440	 0.0929	 -0.9800	 -0.9800	 0.9800
0.0368	 -0.0462	 -0.0854	 -0.9800	 -0.9800	 0.9800
-0.1114	 0.1268	 -0.0205	 -0.9800	 -0.9800	 0.9800
-0.1072	 0.0866	 -0.1449	 -0.9800	 -0.9800	 0.9800
0.0319	 0.1277	 0.0547	 -0.9800	 -0.9800	 0.9800
-0.0698	 -0.1474	 0.0656	 -0.9800	 -0.9800	 0.9800
0.0078	 -0.1857	 -0.0238	 -0.9800	 -0.9800	 0.9800
0.0538	 0.0084	 -0.1879	 -0.9800	 -0.9800	 0.9800
-0.0779	 -0.1422	 0.0315	 -0.9800	 -0.9800	 0.9800
0.0763	 -0.0007	 0.0815	 -0.9800	 -0.9800	 0.9800
0.0444	 0.0273	 -0.1601	 -0.9800	 -0.9800	 0.9800
0.1388	 0.0680	 0.0639	 -0.9800	 -0.9800	 0.9800
-0.1582	 -0.0349	 0.0682	 -0.9800	 -0.9800	 0.9800
0.0643	 0.1572	 -0.0058	 -0.9800	 -0.9800	 0.9800
-0.1719	 0.0243	 -0.0632	 -0.9800	 -0.9800	 0.9800
0.0969	 0.1263	 0.0517	 -0.9800	 -0.9800	 0.9800
0.0171	 0.0581	 -0.0418	 -0.9800	 -0.9800	 0.9800
0.1889	 0.0447	 -0.0397	 -0.9800	 -0.9800	 0.9800
-0.0846	 -0.0047	 0.0142	 -0.9800	 -0.9800	 0.9800
0.1567	 0.0342	 0.1029	 -0.9800	 -0.9800	 0.9800
0.1159	 0.0496	 0.0307	 -0.9800	 -0.9800	 0.9800
-0.0094	 0.1106	 -0.0326	 -0.9800	 -0.9800	 0.9800
-0.1341	 0.0160	 -0.1050	 -0.9800	 -0.9800	 0.9800
0.0399	 -0.1249	 -0.0298	 -0.9800	 -0.9800	 0.9800
0.0305	 0.1879	 0.0568	 -0.9800	 -0.9800	 0.9800
-0.0899	 0.1197	 0.0494	 -0.9800	 -0.9800	 0.9800
-0.1240	 0.0768	 -0.0509	 -0.9800	 -0.9800	 0.9800
-0.0921	 0.0082	 0.1561	 -0.9800	 -0.9800	 0.9800
0.0010	 -0.0347	 0.0836	 -0.9800	 -0.9800	 0.9800
-0.1497	 0.0236	 -0.0793	 -0.9800	 -0.9800	 0.9800
-0.0515	 -0.1119	 -0.1337	 -0.9800	 -0.9800	 0.9800
0.0501	 0.1318	 0.1296	 -0.9800	 -0.9800	 0.9800
-0.1140	 -0.0968	 0.1274	 -0.9800	 -0.9800	 0.9800
-0.0194	 -0.0147	 0.1567	 -0.9800	 -0.9800	 0.9800
0.0256	 0.1418	 0.0668	 -0.9800	 -0.9800	 0.9800
-0.0323	 -0.0468	 -0.1646	 -0.9800	 -0.9800	 0.9800
-0.0389	 -0.0296	 -0.0799	 -0.9800	 -0.9800	 0.9800
-0.0875	 0.0278	 0.0040	 -0.9800	 -0.9800	 0.9800
0.0458	 0.0405	 0.0632	 -0.9800	 -0.9800	 0.9800
0.0333	 0.0343	 0.1042	 -0.9800	 -0.9800	 0.9800
-0.0123	 -0.0489	 -0.0033	 -0.9800	 -0.9800	 0.9800
-0.0216	 0.0966	 0.1128	 -0.9800	 -0.9800	 0.9800
0.0633	 -0.0248	 -0.0176	 -0.9800	 -0.9800	 0.9800
0.0147	 0.0120	 0.1505	 -0.9800	 -0.9800	 0.9800
0.0430	 0.0417	 -0.0986	 -0.9800	 -0.9800	 0.9800
0.0625	 -0.1164	 0.0489	 -0.9800	 -0.9800	 0.9800
-0.0281	 0.0824	 0.1092	 -0.9800	 -0.9800	 0.9800
0.1220	 0.1448	 0.0294	 -0.9800	 -0.9800	 0.9800
-0.0473	 -0.0249	 -0.0857	 -0.9800	 -0.9800	 0.9800
0.0894	 -0.1513	 -0.0262	 -0.9800	 -0.9800	 0.9800
-0.1880	 -0.0034	 0.0299	 -0.9800	 -0.9800	 0.9800
0.1173	 -0.0253	 0.0826	 -0.9800	 -0.9800	 0.9800
-0.1553	 0.0382	 0.0344	 -0.9800	 -0.9800	 0.9800
0.1133	 -0.0230	 0.0588	 -0.9800	 -0.9800	 0.9800
0.0735	 -0.0038	 0.0951	 -0.9800	 -0.9800	 0.9800
-0.0977	 -0.0780	 0.0344	 -0.9800	 -0.9800	 0.9800
-0.0308	 0.0037	 0.0412	 -0.9800	 -0.9800	 0.9800
-0.0028	 0.1146	 -0.0378	 -0.9800	 -0.9800	 0.9800
0.0813	 0.0108	 -0.0549	 -0.9800	 -0.9800	 0.9800
0.1057	 0.1508	 0.0510	 -0.9800	 -0.9800	 0.9800
-0.0158	 -0.1054	 -0.0162	 -0.9800	 -0.9800	 0.9800
0.0195	 -0.0300	 0.0672	 -0.9800	 -0.9800	 0.9800
-0.0815	 -0.0304	 0.0303	 -0.9800	 -0.9800	 0.9800
0.1011	 0.0025	 -0.0365	 -0.9800	 -0.9800	 0.9800
-0.0423	 -0.1011	 0.0404	 -0.9800	 -0.9800	 0.9800
-0.0173	 0.0330	 0.1031	 -0.9800	 -0.9800	 0.9800
0.0198	 0.0113	 0.0604	 -0.9800	 -0.9800	 0.9800
-0.1524	 -0.0358	 -0.0625	 -0.9800	 -0.9800	 0.9800
-0.0258	 0.0068	 0.0034	 -0.9800	 -0.9800	 0.9800
-0.0295	 -0.0160	 0.1470	 -0.9800	 -0.9800	 0.9800
0.0787	 0.1180	 0.1352	 -0.9800	 -0.9800	 0.9800
-0.0260	 0.0192	 0.0183	 -0.9800	 -0.9800	 0.9800
0.0313	 0.0354	 0.1856	 -0.9800	 -0.9800	 0.9800
-0.1316	 -0.1009	 0.0199	 -0.9800	 -0.9800	 0.9800
0.0517	 0.0329	 -0.1053	 -0.9800	 -0.9800	 0.9800
0.0085	 -0.1388	 0.0313	 -0.9800	 -0.9800	 0.9800
-0.9378	 0.0058	 0.4655	 -0.9800	 -0.9800	 -0.9800
0.9172	 -0.4932	 -0.4551	 -0.9800	 -0.9800	 -0.9800
0.2996	 0.2790	 0.5085	 -0.9800	 -0.9800	 -0.9800
0.8012	 0.5547	 -0.1824	 -0.9800	 -0.9800	 -0.9800
0.5258	 0.6252	 0.6154	 -0.9800	 -0.9800	 -0.9800
0.5055	 0.8555	 -0.8027	 -0.9800	 -0.9800	 -0.9800
0.0472	 0.7693	 0.8908	 -0.9800	 -0.9800	 -0.9800
0.3195	 0.4583	 -0.1277	 -0.9800	 -0.9800	 -0.9800
0.6279	 0.2041	 -0.6046	 -0.9800	 -0.9800	 -0.9800
-0.1871	 -0.8663	 0.4968	 -0.9800	 -0.9800	 -0.9800
0.5594	 0.6035	 -0.3799	 -0.9800	 -0.9800	 -0.9800
0.6142	 0.7456	 0.5128	 -0.9800	 -0.9800	 -0.9800
0.8850	 0.4683	 0.8286	 -0.9800	 -0.9800	 -0.9800
0.5220	 0.2609	 0.1235	 -0.9800	 -0.9800	 -0.9800
-0.9928	 0.2997	 -0.4588	 -0.9800	 -0.9800	 -0.9800
-0.8385	 -0.0753	 -0.0934	 -0.9800	 -0.9800	 -0.9800
0.3933	 -0.1745	 0.0995	 -0.9800	 -0.9800	 -0.9800
-0.3245	 -0.1513	 -0.9624	 -0.9800	 -0.9800	 -0.9800
0.7197	 -0.7807	 0.6819	 -0.9800	 -0.9800	 -0.9800
-0.5525	 0.7312	 -0.4215	 -0.9800	 -0.9800	 -0.9800
0.0656	 -0.9297	 -0.8645	 -0.9800	 -0.9800	 -0.9800
0.2472	 -0.1368	 0.3327	 -0.9800	 -0.9800	 -0.9800
-0.3714	 -0.5201	 -0.6469	 -0.9800	 -0.9800	 -0.9800
0.3684	 -0.8028	 -0.4606	 -0.9800	 -0.9800	 -0.9800
-0.2376	 0.4753	 0.7972	 -0.9800	 -0.9800	 -0.9800
0.2684	 0.9684	 0.9689	 -0.9800	 -0.9800	 -0.9800
0.9133	 -0.0122	 0.9212	 -0.9800	 -0.9800	 -0.9800
0.5346	 0.3987	 0.4328	 -0.9800	 -0.9800	 -0.9800
-0.0692	 -0.8673	 0.3484	 -0.9800	 -0.9800	 -0.9800
0.4188	 -0.8374	 0.9622	 -0.9800	 -0.9800	 -0.9800
0.9369	 -0.1866	 -0.9740	 -0.9800	 -0.9800	 -0.9800
0.3234	 -0.4340	 -0.2331	 -0.9800	 -0.9800	 -0.9800
0.4887	 -0.4698	 -0.3103	 -0.9800	 -0.9800	 -0.9800
-0.0959	 0.3476	 0.6255	 -0.9800	 -0.9800	 -0.9800
0.8239	 -0.8926	 -0.5182	 -0.9800	 -0.9800	 -0.9800
0.1352	 -0.5431	 0.9007	 -0.9800	 -0.9800	 -0.9800
0.5375	 -0.8450	 -0.6011	 -0.9800	 -0.9800	 -0.9800
0.1251	 -0.8028	 0.1932	 -0.9800	 -0.9800	 -0.9800
0.9222	 -0.1072	 -0.1491	 -0.9800	 -0.9800	 -0.9800
0.9091	 -0.4571	 -0.8642	 -0.9800	 -0.9800	 -0.9800
0.8863	 0.5273	 -0.0894	 -0.9800	 -0.9800	 -0.9800
0.6285	 -0.0778	 -0.0659	 -0.9800	 -0.9800	 -0.9800
0.4194	 -0.8652	 0.4867	 -0.9800	 -0.9800	 -0.9800
-0.6826	 -0.5013	 -0.9624	 -0.9800	 -0.9800	 -0.9800
-0.1092	 0.7505	 -0.6405	 -0.9800	 -0.9800	 -0.9800
0.1206	 0.6800	 -0.5792	 -0.9800	 -0.9800	 -0.9800
0.7913	 0.1113	 0.1941	 -0.9800	 -0.9800	 -0.9800
0.5283	 -0.1791	 0.5888	 -0.9800	 -0.9800	 -0.9800
0.1492	 -0.3881	 -0.2605	 -0.9800	 -0.9800	 -0.9800
-0.3159	 0.9325	 -0.5454	 -0.9800	 -0.9800	 -0.9800
-0.4102	 -0.7445	 -0.5719	 -0.9800	 -0.9800	 -0.9800
-0.3756	 -0.8923	 -0.5808	 -0.9800	 -0.9800	 -0.9800
0.9216	 -0.8868	 -0.3068	 -0.9800	 -0.9800	 -0.9800
0.6458	 0.2289	 0.8281	 -0.9800	 -0.9800	 -0.9800
0.5505	 0.7119	 -0.4182	 -0.9800	 -0.9800	 -0.9800
-0.5802	 -0.1062	 0.1753	 -0.9800	 -0.9800	 -0.9800
-0.0129	 0.4132	 -0.0251	 -0.9800	 -0.9800	 -0.9800
-0.2867	 0.8642	 -0.6045	 -0.9800	 -0.9800	 -0.9800
0.2994	 -0.3069	 -0.9195	 -0.9800	 -0.9800	 -0.9800
0.9000	 -0.9275	 -0.8586	 -0.9800	 -0.9800	 -0.9800
0.0117	 0.5963	 -0.5399	 -0.9800	 -0.9800	 -0.9800
-0.7954	 -0.1517	 0.8532	 -0.9800	 -0.9800	 -0.9800
0.6081	 0.6714	 -0.3926	 -0.9800	 -0.9800	 -0.9800
0.0455	 0.5761	 -0.5033	 -0.9800	 -0.9800	 -0.9800
0.4454	 0.1715	 -0.9769	 -0.9800	 -0.9800	 -0.9800
0.1343	 0.4883	 0.7232	 -0.9800	 -0.9800	 -0.9800
0.8632	 -0.3038	 -0.0881	 -0.9800	 -0.9800	 -0.9800
0.8458	 0.9652	 -0.9661	 -0.9800	 -0.9800	 -0.9800
0.2407	 0.2320	 0.7149	 -0.9800	 -0.9800	 -0.9800
-0.7152	 -0.5853	 0.0899	 -0.9800	 -0.9800	 -0.9800
-0.6165	 -0.3778	 0.5836	 -0.9800	 -0.9800	 -0.9800
-0.2185	 0.1508	 0.6123	 -0.9800	 -0.9800	 -0.9800
-0.9347	 -0.6541	 -0.6120	 -0.9800	 -0.9800	 -0.9800
0.9184	 -0.8821	 -0.6149	 -0.9800	 -0.9800	 -0.9800
0.8118	 0.2819	 0.8236	 -0.9800	 -0.9800	 -0.9800
0.1345	 -0.9223	 0.9564	 -0.9800	 -0.9800	 -0.9800
0.9467	 0.7928	 -0.1520	 -0.9800	 -0.9800	 -0.9800
-0.5536	 -0.6697	 0.2427	 -0.9800	 -0.9800	 -0.9800
0.3998	 0.6807	 0.3545	 -0.9800	 -0.9800	 -0.9800
-0.5787	 0.0668	 0.7691	 -0.9800	 -0.9800	 -0.9800
0.7827	 -0.8525	 -0.1075	 -0.9800	 -0.9800	 -0.9800
0.1524	 0.6967	 0.0276	 -0.9800	 -0.9800	 -0.9800
0.9773	 -0.0986	 0.4770	 -0.9800	 -0.9800	 -0.9800
0.1481	 0.5101	 -0.6761	 -0.9800	 -0.9800	 -0.9800
0.8588	 -0.7093	 -0.8860	 -0.9800	 -0.9800	 -0.9800
-0.8029	 -0.7042	 -0.0242	 -0.9800	 -0.9800	 -0.9800
-0.0834	 -0.6858	 -0.1845	 -0.9800	 -0.9800	 -0.9800
-0.3542	 0.7715	 0.9273	 -0.9800	 -0.9800	 -0.9800
-0.7856	 -0.5600	 0.3635	 -0.9800	 -0.9800	 -0.9800
0.2245	 -0.8239	 -0.0089	 -0.9800	 -0.9800	 -0.9800
0.9251	 -0.7774	 -0.5257	 -0.9800	 -0.9800	 -0.9800
-0.1655	 0.2955	 0.9784	 -0.9800	 -0.9800	 -0.9800
0.3650	 -0.2992	 -0.9755	 -0.9800	 -0.9800	 -0.9800
0.0373	 0.9397	 0.0822	 -0.9800	 -0.9800	 -0.9800
-0.7692	 0.0340	 0.1468	 -0.9800	 -0.9800	 -0.9800
0.3284	 -0.1343	 -0.2725	 -0.9800	 -0.9800	 -0.9800
-0.0944	 -0.6064	 0.9730	 -0.9800	 -0.9800	 -0.9800
0.7332	 0.3900	 0.0225	 -0.9800	 -0.9800	 -0.9800
0.0967	 -0.1944	 -0.6168	 -0.9800	 -0.9800	 -0.9800
-0.9713	 0.7633	 -0.6177	 -0.9800	 -0.9800	 -0.9800
-0.1454	 -0.8343	 0.5332	 -0.9800	 -0.9800	 -0.9800
-0.2172	 0.2175	 -0.2411	 -0.9800	 -0.9800	 -0.9800
0.7675	 0.5261	 -0.6342	 -0.9800	 -0.9800	 -0.9800
0.8616	 0.1507	 0.0306	 -0.9800	 -0.9800	 -0.9800
0.7103	 0.7555	 -0.8174	 -0.9800	 -0.9800	 -0.9800
0.2578	 0.3929	 0.2010	 -0.9800	 -0.9800	 -0.9800
-0.6553	 -0.9230	 0.1511	 -0.9800	 -0.9800	 -0.9800
0.4165	 0.7107	 -0.7676	 -0.9800	 -0.9800	 -0.9800
-0.0802	 0.8783	 -0.0801	 -0.9800	 -0.9800	 -0.9800
0.2741	 0.1974	 -0.4608	 -0.9800	 -0.9800	 -0.9800
-0.4075	 -0.7587	 0.0713	 -0.9800	 -0.9800	 -0.9800
-0.5359	 0.9331	 0.1184	 -0.9800	 -0.9800	 -0.9800
-0.1669	 0.1854	 -0.0478	 -0.9800	 -0.9800	 -0.9800
-0.5940	 -0.1901	 -0.1841	 -0.9800	 -0.9800	 -0.9800
0.4416	 0.9666	 -0.4009	 -0.9800	 -0.9800	 -0.9800
0.6170	 -0.6922	 0.3154	 -0.9800	 -0.9800	 -0.9800
0.7631	 0.3382	 0.9735	 -0.9800	 -0.9800	 -0.9800
0.2761	 -0.0152	 0.6110	 -0.9800	 -0.9800	 -0.9800
0.3581	 -0.4155	 -0.8131	 -0.9800	 -0.9800	 -0.9800
-0.0919	 -0.5617	 -0.8532	 -0.9800	 -0.9800	 -0.9800
-0.9395	 -0.3187	 0.3266	 -0.9800	 -0.9800	 -0.9800
-0.8245	 0.8485	 -0.6073	 -0.9800	 -0.9800	 -0.9800
0.7041	 0.4993	 -0.9751	 -0.9800	 -0.9800	 -0.9800
0.7871	 0.8263	 0.6229	 -0.9800	 -0.9800	 -0.9800
-0.9643	 -0.5274	 0.0350	 -0.9800	 -0.9800	 -0.9800
0.0607	 -0.3898	 0.4566	 -0.9800	 -0.9800	 -0.9800
-0.4237	 -0.0661	 0.7439	 -0.9800	 -0.9800	 -0.9800
0.3878	 -0.6036	 -0.5614	 -0.9800	 -0.9800	 -0.9800
-0.9877	 -0.2419	 0.1399	 -0.9800	 -0.9800	 -0.9800
-0.0043	 -0.5641	 0.9788	 -0.9800	 -0.9800	 -0.9800
0.0812	 0.7965	 -0.1094	 -0.9800	 -0.9800	 -0.9800
0.6592	 0.5724	 -0.6174	 -0.9800	 -0.9800	 -0.9800
-0.4114	 0.3845	 0.7791	 -0.9800	 -0.9800	 -0.9800
0.5195	 0.3218	 -0.3877	 -0.9800	 -0.9800	 -0.9800
-0.0079	 0.9728	 0.7760	 -0.9800	 -0.9800	 -0.9800
0.7379	 0.2284	 -0.7977	 -0.9800	 -0.9800	 -0.9800
-0.6161	 0.3258	 -0.7255	 -0.9800	 -0.9800	 -0.9800
-0.1659	 0.1808	 -0.4024	 -0.9800	 -0.9800	 -0.9800
-0.9611	 0.3060	 0.9496	 -0.9800	 -0.9800	 -0.9800
-0.5245	 0.9983	 -0.7104	 -0.9800	 -0.9800	 -0.9800
0.3238	 -0.2469	 -0.9352	 -0.9800	 -0.9800	 -0.9800
-0.2188	 0.1556	 0.5512	 -0.9800	 -0.9800	 -0.9800
-0.8415	 0.8917	 -0.9612	 -0.9800	 -0.9800	 -0.9800
-0.7616	 0.2784	 -0.9993	 -0.9800	 -0.9800	 -0.9800
-0.8893	 -0.1441	 0.3817	 -0.9800	 -0.9800	 -0.9800
0.8315	 -0.1172	 -0.1426	 -0.9800	 -0.9800	 -0.9800
0.5969	 0.6190	 0.0526	 -0.9800	 -0.9800	 -0.9800
0.6331	 -0.7408	 -0.9935	 -0.9800	 -0.9800	 -0.9800
0.9738	 0.3854	 -0.3384	 -0.9800	 -0.9800	 -0.9800
-0.8676	 -0.4564	 -0.8003	 -0.9800	 -0.9800	 -0.9800
-0.3573	 -0.6611	 0.5982	 -0.9800	 -0.9800	 -0.9800
0.4793	 -0.8551	 -0.5788	 -0.9800	 -0.9800	 -0.9800
-0.2023	 0.4202	 0.5283	 -0.9800	 -0.9800	 -0.9800
-0.2960	 0.0855	 -0.8467	 -0.9800	 -0.9800	 -0.9800
0.9865	 -0.0632	 -0.8606	 -0.9800	 -0.9800	 -0.9800
-0.6461	 -0.4339	 0.3079	 -0.9800	 -0.9800	 -0.9800
-0.0916	 -0.9544	 0.8595	 -0.9800	 -0.9800	 -0.9800
0.7322	 0.5273	 -0.4518	 -0.9800	 -0.9800	 -0.9800
-0.7367	 0.2925	 0.1728	 -0.9800	 -0.9800	 -0.9800
-0.2934	 0.8920	 -0.4299	 -0.9800	 -0.9800	 -0.9800
-0.0196	 0.9068	 -0.7391	 -0.9800	 -0.9800	 -0.9800
0.7524	 -0.1535	 -0.5919	 -0.9800	 -0.9800	 -0.9800
0.8559	 0.5601	 0.6304	 -0.9800	 -0.9800	 -0.9800
-0.8122	 -0.8611	 0.0700	 -0.9800	 -0.9800	 -0.9800
-0.1043	 0.4618	 -0.9436	 -0.9800	 -0.9800	 -0.9800
0.4253	 -0.2946	 -0.1087	 -0.9800	 -0.9800	 -0.9800
0.0664	 -0.1748	 0.7866	 -0.9800	 -0.9800	 -0.9800
0.3019	 -0.3534	 -0.9249	 -0.9800	 -0.9800	 -0.9800
-0.9194	 -0.6303	 0.9681	 -0.9800	 -0.9800	 -0.9800
-0.7349	 0.6903	 -0.4330	 -0.9800	 -0.9800	 -0.9800
0.0103	 0.3740	 -0.0157	 -0.9800	 -0.9800	 -0.9800
0.1796	 0.9020	 -0.7877	 -0.9800	 -0.9800	 -0.9800
0.6423	 0.0135	 0.5685	 -0.9800	 -0.9800	 -0.9800
0.5119	 -0.2522	 -0.1890	 -0.9800	 -0.9800	 -0.9800
0.5589	 0.1697	 -0.0402	 -0.9800	 -0.9800	 -0.9800
0.3622	 0.5381	 -0.8400	 -0.9800	 -0.9800	 -0.9800
-0.8664	 -0.9739	 0.0501	 -0.9800	 -0.9800	 -0.9800
0.9310	 0.1993	 0.2591	 -0.9800	 -0.9800	 -0.9800
0.5929	 -0.8871	 -0.1384	 -0.9800	 -0.9800	 -0.9800
-0.7047	 0.5796	 0.4320	 -0.9800	 -0.9800	 -0.9800
0.1030	 0.3324	 -0.0479	 -0.9800	 -0.9800	 -0.9800
-0.1392	 0.0012	 0.8566	 -0.9800	 -0.9800	 -0.9800
0.4330	 -0.8895	 -0.7674	 -0.9800	 -0.9800	 -0.9800
-0.9401	 0.8247	 0.3230	 -0.9800	 -0.9800	 -0.9800
0.9300	 0.8416	 -0.1819	 -0.9800	 -0.9800	 -0.9800
-0.1782	 0.8811	 0.9560	 -0.9800	 -0.9800	 -0.9800
0.6333	 -0.1366	 -0.4693	 -0.9800	 -0.9800	 -0.9800
0.8778	 -0.6268	 0.3598	 -0.9800	 -0.9800	 -0.9800
-0.1957	 0.0345	 0.2706	 -0.9800	 -0.9800	 -0.9800
-0.4089	 -0.3536	 -0.4186	 -0.9800	 -0.9800	 -0.9800
-0.3385	 -0.8271	 -0.9726	 -0.9800	 -0.9800	 -0.9800
-0.0763	 -0.2280	 0.9174	 -0.9800	 -0.9800	 -0.9800
-0.5128	 0.9501	 0.2710	 -0.9800	 -0.9800	 -0.9800
0.2172	 -0.4646	 -0.4343	 -0.9800	 -0.9800	 -0.9800
-0.0776	 0.3938	 0.6619	 -0.9800	 -0.9800	 -0.9800
0.6154	 0.3279	 0.8052	 -0.9800	 -0.9800	 -0.9800
-0.8009	 0.1218	 -0.0415	 -0.9800	 -0.9800	 -0.9800
0.0918	 0.2015	 -0.1757	 -0.9800	 -0.9800	 -0.9800
-0.1907	 0.9994	 0.1976	 -0.9800	 -0.9800	 -0.9800
-0.3168	 0.7749	 0.5156	 -0.9800	 -0.9800	 -0.9800
