0.7873	 0.8331	 0.8101	 0.9800	 -0.9800	 -0.9800
0.8390	 0.8779	 0.7993	 0.9800	 -0.9800	 -0.9800
0.7347	 0.8123	 0.7714	 0.9800	 -0.9800	 -0.9800
0.7488	 0.7913	 0.7239	 0.9800	 -0.9800	 -0.9800
0.7824	 0.8404	 0.7916	 0.9800	 -0.9800	 -0.9800
0.8230	 0.7656	 0.7215	 0.9800	 -0.9800	 -0.9800
0.7393	 0.7463	 0.8535	 0.9800	 -0.9800	 -0.9800
0.8691	 0.7815	 0.8244	 0.9800	 -0.9800	 -0.9800
0.8259	 0.7156	 0.8419	 0.9800	 -0.9800	 -0.9800
0.7805	 0.8397	 0.7619	 0.9800	 -0.9800	 -0.9800
0.8841	 0.7599	 0.8253	 0.9800	 -0.9800	 -0.9800
0.7687	 0.8070	 0.7555	 0.9800	 -0.9800	 -0.9800
0.7328	 0.7708	 0.8503	 0.9800	 -0.9800	 -0.9800
0.7347	 0.7935	 0.7450	 0.9800	 -0.9800	 -0.9800
0.7914	 0.7162	 0.7737	 0.9800	 -0.9800	 -0.9800
0.8377	 0.8777	 0.8266	 0.9800	 -0.9800	 -0.9800
0.7960	 0.7231	 0.8637	 0.9800	 -0.9800	 -0.9800
0.8125	 0.7554	 0.8869	 0.9800	 -0.9800	 -0.9800
0.8252	 0.7694	 0.7141	 0.9800	 -0.9800	 -0.9800
0.7907	 0.8535	 0.8113	 0.9800	 -0.9800	 -0.9800
0.8700	 0.7466	 0.8050	 0.9800	 -0.9800	 -0.9800
0.8452	 0.7967	 0.7978	 0.9800	 -0.9800	 -0.9800
0.7456	 0.8377	 0.7297	 0.9800	 -0.9800	 -0.9800
0.8619	 0.7613	 0.8221	 0.9800	 -0.9800	 -0.9800
0.8683	 0.8024	 0.8550	 0.9800	 -0.9800	 -0.9800
0.8695	 0.7960	 0.8174	 0.9800	 -0.9800	 -0.9800
0.8382	 0.7845	 0.8167	 0.9800	 -0.9800	 -0.9800
0.7794	 0.8291	 0.7730	 0.9800	 -0.9800	 -0.9800
0.8483	 0.8493	 0.7325	 0.9800	 -0.9800	 -0.9800
0.7754	 0.7181	 0.8371	 0.9800	 -0.9800	 -0.9800
0.7981	 0.7310	 0.7730	 0.9800	 -0.9800	 -0.9800
0.8063	 0.8121	 0.7091	 0.9800	 -0.9800	 -0.9800
0.8191	 0.8454	 0.7213	 0.9800	 -0.9800	 -0.9800
0.8672	 0.8300	 0.8369	 0.9800	 -0.9800	 -0.9800
0.8006	 0.8339	 0.7546	 0.9800	 -0.9800	 -0.9800
0.8121	 0.8562	 0.7532	 0.9800	 -0.9800	 -0.9800
0.7661	 0.8224	 0.7149	 0.9800	 -0.9800	 -0.9800
0.8435	 0.8116	 0.8511	 0.9800	 -0.9800	 -0.9800
0.8144	 0.8396	 0.8543	 0.9800	 -0.9800	 -0.9800
0.7423	 0.7993	 0.8088	 0.9800	 -0.9800	 -0.9800
0.7618	 0.7283	 0.7454	 0.9800	 -0.9800	 -0.9800
0.7913	 0.8313	 0.7362	 0.9800	 -0.9800	 -0.9800
0.7766	 0.8217	 0.7297	 0.9800	 -0.9800	 -0.9800
0.7832	 0.8796	 0.8049	 0.9800	 -0.9800	 -0.9800
0.7702	 0.8024	 0.7221	 0.9800	 -0.9800	 -0.9800
0.7459	 0.8301	 0.7842	 0.9800	 -0.9800	 -0.9800
0.8478	 0.7268	 0.7661	 0.9800	 -0.9800	 -0.9800
0.8183	 0.8590	 0.7252	 0.9800	 -0.9800	 -0.9800
0.7819	 0.8346	 0.7463	 0.9800	 -0.9800	 -0.9800
0.7836	 0.8326	 0.7390	 0.9800	 -0.9800	 -0.9800
0.8418	 0.7126	 0.8041	 0.9800	 -0.9800	 -0.9800
0.8565	 0.7569	 0.8147	 0.9800	 -0.9800	 -0.9800
0.7651	 0.7177	 0.7567	 0.9800	 -0.9800	 -0.9800
0.8381	 0.8250	 0.8411	 0.9800	 -0.9800	 -0.9800
0.7459	 0.7331	 0.8481	 0.9800	 -0.9800	 -0.9800
0.8016	 0.7934	 0.8456	 0.9800	 -0.9800	 -0.9800
0.8162	 0.7476	 0.8599	 0.9800	 -0.9800	 -0.9800
0.7537	 0.8787	 0.7677	 0.9800	 -0.9800	 -0.9800
0.8433	 0.7914	 0.7164	 0.9800	 -0.9800	 -0.9800
0.8234	 0.8228	 0.8909	 0.9800	 -0.9800	 -0.9800
0.7459	 0.7766	 0.7610	 0.9800	 -0.9800	 -0.9800
0.7863	 0.8054	 0.8485	 0.9800	 -0.9800	 -0.9800
0.8683	 0.8234	 0.7680	 0.9800	 -0.9800	 -0.9800
0.8060	 0.7778	 0.7762	 0.9800	 -0.9800	 -0.9800
0.8257	 0.8443	 0.8513	 0.9800	 -0.9800	 -0.9800
0.7826	 0.8162	 0.7405	 0.9800	 -0.9800	 -0.9800
0.7724	 0.7663	 0.8883	 0.9800	 -0.9800	 -0.9800
0.8517	 0.8399	 0.7701	 0.9800	 -0.9800	 -0.9800
0.8134	 0.7106	 0.8053	 0.9800	 -0.9800	 -0.9800
0.8404	 0.7293	 0.8071	 0.9800	 -0.9800	 -0.9800
0.8554	 0.8085	 0.7353	 0.9800	 -0.9800	 -0.9800
0.7652	 0.7972	 0.7813	 0.9800	 -0.9800	 -0.9800
0.8830	 0.8203	 0.8133	 0.9800	 -0.9800	 -0.9800
0.8533	 0.8266	 0.7891	 0.9800	 -0.9800	 -0.9800
0.8814	 0.7815	 0.8442	 0.9800	 -0.9800	 -0.9800
0.7716	 0.7481	 0.7535	 0.9800	 -0.9800	 -0.9800
0.7064	 0.7863	 0.8003	 0.9800	 -0.9800	 -0.9800
0.7456	 0.7988	 0.8545	 0.9800	 -0.9800	 -0.9800
0.7386	 0.7970	 0.7571	 0.9800	 -0.9800	 -0.9800
0.7650	 0.7634	 0.8735	 0.9800	 -0.9800	 -0.9800
0.7536	 0.7457	 0.8616	 0.9800	 -0.9800	 -0.9800
0.7668	 0.7415	 0.7748	 0.9800	 -0.9800	 -0.9800
0.7642	 0.8338	 0.7550	 0.9800	 -0.9800	 -0.9800
0.7126	 0.8190	 0.7867	 0.9800	 -0.9800	 -0.9800
0.8090	 0.7546	 0.7710	 0.9800	 -0.9800	 -0.9800
0.8531	 0.8236	 0.7926	 0.9800	 -0.9800	 -0.9800
0.8571	 0.7834	 0.8106	 0.9800	 -0.9800	 -0.9800
0.7589	 0.7243	 0.7909	 0.9800	 -0.9800	 -0.9800
0.7930	 0.8745	 0.7424	 0.9800	 -0.9800	 -0.9800
0.8405	 0.7790	 0.7278	 0.9800	 -0.9800	 -0.9800
0.7866	 0.8131	 0.8541	 0.9800	 -0.9800	 -0.9800
0.7859	 0.7777	 0.8380	 0.9800	 -0.9800	 -0.9800
0.8525	 0.7652	 0.8475	 0.9800	 -0.9800	 -0.9800
0.8767	 0.8194	 0.8263	 0.9800	 -0.9800	 -0.9800
0.7597	 0.8677	 0.7909	 0.9800	 -0.9800	 -0.9800
0.7603	 0.8175	 0.8218	 0.9800	 -0.9800	 -0.9800
0.7597	 0.8301	 0.7600	 0.9800	 -0.9800	 -0.9800
0.8186	 0.7955	 0.7116	 0.9800	 -0.9800	 -0.9800
0.8303	 0.8536	 0.7329	 0.9800	 -0.9800	 -0.9800
0.8214	 0.7628	 0.7324	 0.9800	 -0.9800	 -0.9800
0.8436	 0.7949	 0.8392	 0.9800	 -0.9800	 -0.9800
0.7482	 0.8408	 0.8069	 0.9800	 -0.9800	 -0.9800
0.8287	 0.7699	 0.7312	 0.9800	 -0.9800	 -0.9800
0.7649	 0.8037	 0.8294	 0.9800	 -0.9800	 -0.9800
0.7787	 0.8223	 0.7786	 0.9800	 -0.9800	 -0.9800
0.8294	 0.7865	 0.7142	 0.9800	 -0.9800	 -0.9800
0.7368	 0.8619	 0.7608	 0.9800	 -0.9800	 -0.9800
0.7699	 0.8027	 0.8892	 0.9800	 -0.9800	 -0.9800
0.7587	 0.8486	 0.8039	 0.9800	 -0.9800	 -0.9800
0.8533	 0.7930	 0.8424	 0.9800	 -0.9800	 -0.9800
0.8368	 0.7579	 0.8771	 0.9800	 -0.9800	 -0.9800
0.7716	 0.7335	 0.7369	 0.9800	 -0.9800	 -0.9800
0.8814	 0.7692	 0.7963	 0.9800	 -0.9800	 -0.9800
0.7575	 0.7172	 0.7882	 0.9800	 -0.9800	 -0.9800
0.7418	 0.8343	 0.7796	 0.9800	 -0.9800	 -0.9800
0.8044	 0.7281	 0.8054	 0.9800	 -0.9800	 -0.9800
0.8671	 0.7813	 0.7568	 0.9800	 -0.9800	 -0.9800
0.7251	 0.7346	 0.8028	 0.9800	 -0.9800	 -0.9800
0.8345	 0.7924	 0.8237	 0.9800	 -0.9800	 -0.9800
0.8046	 0.7133	 0.7729	 0.9800	 -0.9800	 -0.9800
0.8073	 0.7884	 0.8987	 0.9800	 -0.9800	 -0.9800
0.8141	 0.7777	 0.7429	 0.9800	 -0.9800	 -0.9800
0.8403	 0.7662	 0.7466	 0.9800	 -0.9800	 -0.9800
0.8819	 0.7682	 0.7667	 0.9800	 -0.9800	 -0.9800
0.8411	 0.8781	 0.8308	 0.9800	 -0.9800	 -0.9800
0.8177	 0.7415	 0.7860	 0.9800	 -0.9800	 -0.9800
0.8444	 0.8224	 0.7678	 0.9800	 -0.9800	 -0.9800
0.7067	 0.8173	 0.8249	 0.9800	 -0.9800	 -0.9800
0.8340	 0.8580	 0.8259	 0.9800	 -0.9800	 -0.9800
0.7534	 0.7363	 0.8532	 0.9800	 -0.9800	 -0.9800
0.8366	 0.8140	 0.8800	 0.9800	 -0.9800	 -0.9800
0.7690	 0.7324	 0.8174	 0.9800	 -0.9800	 -0.9800
0.8391	 0.8657	 0.7937	 0.9800	 -0.9800	 -0.9800
0.7250	 0.7691	 0.8083	 0.9800	 -0.9800	 -0.9800
0.7874	 0.8004	 0.7233	 0.9800	 -0.9800	 -0.9800
0.8380	 0.7630	 0.7166	 0.9800	 -0.9800	 -0.9800
0.8345	 0.7536	 0.7712	 0.9800	 -0.9800	 -0.9800
0.8800	 0.8365	 0.7730	 0.9800	 -0.9800	 -0.9800
0.7635	 0.7988	 0.7629	 0.9800	 -0.9800	 -0.9800
0.7668	 0.7512	 0.8215	 0.9800	 -0.9800	 -0.9800
0.8624	 0.8546	 0.7606	 0.9800	 -0.9800	 -0.9800
0.8629	 0.8621	 0.7653	 0.9800	 -0.9800	 -0.9800
0.8280	 0.7799	 0.8047	 0.9800	 -0.9800	 -0.9800
0.8108	 0.7527	 0.8131	 0.9800	 -0.9800	 -0.9800
0.8082	 0.7676	 0.7497	 0.9800	 -0.9800	 -0.9800
0.8013	 0.8877	 0.7783	 0.9800	 -0.9800	 -0.9800
0.8097	 0.8242	 0.8842	 0.9800	 -0.9800	 -0.9800
0.7811	 0.7225	 0.7951	 0.9800	 -0.9800	 -0.9800
0.7517	 0.7726	 0.7670	 0.9800	 -0.9800	 -0.9800
0.7307	 0.7855	 0.8319	 0.9800	 -0.9800	 -0.9800
0.8395	 0.8517	 0.7585	 0.9800	 -0.9800	 -0.9800
0.7581	 0.8017	 0.8000	 0.9800	 -0.9800	 -0.9800
0.7862	 0.8720	 0.7730	 0.9800	 -0.9800	 -0.9800
0.7316	 0.7806	 0.8022	 0.9800	 -0.9800	 -0.9800
0.7603	 0.7591	 0.7767	 0.9800	 -0.9800	 -0.9800
0.8227	 0.8407	 0.7267	 0.9800	 -0.9800	 -0.9800
0.7267	 0.7696	 0.7968	 0.9800	 -0.9800	 -0.9800
0.7752	 0.7392	 0.7605	 0.9800	 -0.9800	 -0.9800
0.7388	 0.7992	 0.8411	 0.9800	 -0.9800	 -0.9800
0.7916	 0.7173	 0.7816	 0.9800	 -0.9800	 -0.9800
0.7771	 0.7150	 0.7576	 0.9800	 -0.9800	 -0.9800
0.7988	 0.8911	 0.8377	 0.9800	 -0.9800	 -0.9800
0.7558	 0.8511	 0.7488	 0.9800	 -0.9800	 -0.9800
0.7439	 0.8343	 0.7744	 0.9800	 -0.9800	 -0.9800
0.7863	 0.8093	 0.7772	 0.9800	 -0.9800	 -0.9800
0.8384	 0.8886	 0.8096	 0.9800	 -0.9800	 -0.9800
0.8829	 0.8012	 0.8268	 0.9800	 -0.9800	 -0.9800
0.7999	 0.7735	 0.7169	 0.9800	 -0.9800	 -0.9800
0.8509	 0.7216	 0.7898	 0.9800	 -0.9800	 -0.9800
0.8369	 0.7747	 0.7286	 0.9800	 -0.9800	 -0.9800
0.8000	 0.8805	 0.7603	 0.9800	 -0.9800	 -0.9800
0.7299	 0.7877	 0.8076	 0.9800	 -0.9800	 -0.9800
0.8474	 0.8710	 0.8059	 0.9800	 -0.9800	 -0.9800
0.8417	 0.8041	 0.8718	 0.9800	 -0.9800	 -0.9800
0.7952	 0.7608	 0.7716	 0.9800	 -0.9800	 -0.9800
0.8898	 0.8406	 0.7898	 0.9800	 -0.9800	 -0.9800
0.8188	 0.8946	 0.7819	 0.9800	 -0.9800	 -0.9800
0.8130	 0.8134	 0.7018	 0.9800	 -0.9800	 -0.9800
0.8470	 0.7185	 0.7776	 0.9800	 -0.9800	 -0.9800
0.8601	 0.7699	 0.8433	 0.9800	 -0.9800	 -0.9800
0.7746	 0.7956	 0.7784	 0.9800	 -0.9800	 -0.9800
0.8070	 0.7323	 0.8224	 0.9800	 -0.9800	 -0.9800
0.7748	 0.7354	 0.8182	 0.9800	 -0.9800	 -0.9800
0.7212	 0.7512	 0.7714	 0.9800	 -0.9800	 -0.9800
0.7645	 0.8340	 0.8611	 0.9800	 -0.9800	 -0.9800
0.8061	 0.7831	 0.7780	 0.9800	 -0.9800	 -0.9800
0.7290	 0.7961	 0.8518	 0.9800	 -0.9800	 -0.9800
0.7662	 0.8083	 0.8276	 0.9800	 -0.9800	 -0.9800
0.7293	 0.7885	 0.7792	 0.9800	 -0.9800	 -0.9800
0.7382	 0.8122	 0.8543	 0.9800	 -0.9800	 -0.9800
0.8412	 0.8721	 0.7951	 0.9800	 -0.9800	 -0.9800
0.7415	 0.7798	 0.7385	 0.9800	 -0.9800	 -0.9800
0.8631	 0.8070	 0.7753	 0.9800	 -0.9800	 -0.9800
0.8322	 0.8311	 0.8344	 0.9800	 -0.9800	 -0.9800
0.7467	 0.8276	 0.7646	 0.9800	 -0.9800	 -0.9800
0.8284	 0.8899	 0.8164	 0.9800	 -0.9800	 -0.9800
0.7473	 0.8309	 0.7809	 0.9800	 -0.9800	 -0.9800
0.8015	 0.7965	 0.7699	 0.9800	 -0.9800	 -0.9800
0.7943	 0.8043	 0.8565	 0.9800	 -0.9800	 -0.9800
0.8286	 0.7910	 0.7100	 0.9800	 -0.9800	 -0.9800
-0.6489	 -0.6846	 -0.8617	 -0.9800	 0.9800	 -0.9800
-0.8616	 -0.8159	 -0.7214	 -0.9800	 0.9800	 -0.9800
-0.7599	 -0.9439	 -0.9413	 -0.9800	 0.9800	 -0.9800
-0.6491	 -0.8477	 -0.7071	 -0.9800	 0.9800	 -0.9800
-0.8697	 -0.7869	 -0.6548	 -0.9800	 0.9800	 -0.9800
-0.8560	 -0.8596	 -0.7847	 -0.9800	 0.9800	 -0.9800
-0.9327	 -0.9011	 -0.7286	 -0.9800	 0.9800	 -0.9800
-0.9136	 -0.9382	 -0.9635	 -0.9800	 0.9800	 -0.9800
-0.9833	 -0.6641	 -0.8223	 -0.9800	 0.9800	 -0.9800
-0.8002	 -0.9183	 -0.6245	 -0.9800	 0.9800	 -0.9800
-0.8892	 -0.7555	 -0.9975	 -0.9800	 0.9800	 -0.9800
-0.8244	 -0.7087	 -0.8829	 -0.9800	 0.9800	 -0.9800
-0.6990	 -0.8154	 -0.8025	 -0.9800	 0.9800	 -0.9800
-0.8536	 -0.9886	 -0.9056	 -0.9800	 0.9800	 -0.9800
-0.6713	 -0.9270	 -0.8140	 -0.9800	 0.9800	 -0.9800
-0.7289	 -0.9026	 -0.8207	 -0.9800	 0.9800	 -0.9800
-0.7337	 -0.6932	 -0.8031	 -0.9800	 0.9800	 -0.9800
-0.8740	 -0.9592	 -0.7295	 -0.9800	 0.9800	 -0.9800
-0.8314	 -0.5937	 -0.7473	 -0.9800	 0.9800	 -0.9800
-0.8278	 -0.6157	 -0.9200	 -0.9800	 0.9800	 -0.9800
-0.6958	 -0.7311	 -0.9635	 -0.9800	 0.9800	 -0.9800
-0.6753	 -0.9870	 -0.8563	 -0.9800	 0.9800	 -0.9800
-0.6547	 -0.9402	 -0.8458	 -0.9800	 0.9800	 -0.9800
-0.6833	 -0.9046	 -0.7829	 -0.9800	 0.9800	 -0.9800
-0.9973	 -0.7024	 -0.7767	 -0.9800	 0.9800	 -0.9800
-0.5903	 -0.7902	 -0.6851	 -0.9800	 0.9800	 -0.9800
-0.8659	 -0.5957	 -0.8721	 -0.9800	 0.9800	 -0.9800
-0.8714	 -0.9800	 -0.7682	 -0.9800	 0.9800	 -0.9800
-0.7710	 -0.9370	 -0.9120	 -0.9800	 0.9800	 -0.9800
-0.9224	 -0.8842	 -0.6697	 -0.9800	 0.9800	 -0.9800
-0.6721	 -0.9071	 -0.9064	 -0.9800	 0.9800	 -0.9800
-0.6663	 -0.9695	 -0.6975	 -0.9800	 0.9800	 -0.9800
-0.9431	 -0.7279	 -0.8159	 -0.9800	 0.9800	 -0.9800
-0.7625	 -0.8665	 -0.6417	 -0.9800	 0.9800	 -0.9800
-0.6791	 -0.9044	 -0.6738	 -0.9800	 0.9800	 -0.9800
-0.7172	 -0.9732	 -0.7511	 -0.9800	 0.9800	 -0.9800
-0.6876	 -0.6391	 -0.7933	 -0.9800	 0.9800	 -0.9800
-0.9225	 -0.8047	 -0.7470	 -0.9800	 0.9800	 -0.9800
-0.7261	 -0.8624	 -0.5776	 -0.9800	 0.9800	 -0.9800
-0.9927	 -0.7976	 -0.8997	 -0.9800	 0.9800	 -0.9800
-0.5892	 -0.7563	 -0.8764	 -0.9800	 0.9800	 -0.9800
-0.8739	 -0.7829	 -0.7398	 -0.9800	 0.9800	 -0.9800
-0.6834	 -0.7014	 -0.8611	 -0.9800	 0.9800	 -0.9800
-0.6930	 -0.9740	 -0.7078	 -0.9800	 0.9800	 -0.9800
-0.8065	 -0.6522	 -0.9800	 -0.9800	 0.9800	 -0.9800
-0.8731	 -0.6419	 -0.8713	 -0.9800	 0.9800	 -0.9800
-0.9259	 -0.6836	 -0.8620	 -0.9800	 0.9800	 -0.9800
-0.7355	 -0.9618	 -0.6379	 -0.9800	 0.9800	 -0.9800
-0.8830	 -0.6608	 -0.6235	 -0.9800	 0.9800	 -0.9800
-0.8138	 -0.8531	 -0.6214	 -0.9800	 0.9800	 -0.9800
-0.7357	 -0.9231	 -0.6336	 -0.9800	 0.9800	 -0.9800
-0.7189	 -0.6697	 -0.9902	 -0.9800	 0.9800	 -0.9800
-0.9094	 -0.9376	 -0.8478	 -0.9800	 0.9800	 -0.9800
-0.7891	 -0.9953	 -0.7299	 -0.9800	 0.9800	 -0.9800
-0.7187	 -0.6582	 -0.6498	 -0.9800	 0.9800	 -0.9800
-0.8652	 -0.9402	 -0.9737	 -0.9800	 0.9800	 -0.9800
-0.7882	 -0.8780	 -0.7579	 -0.9800	 0.9800	 -0.9800
-0.8702	 -0.8671	 -0.5991	 -0.9800	 0.9800	 -0.9800
-0.9338	 -0.9045	 -0.9170	 -0.9800	 0.9800	 -0.9800
-0.8564	 -0.9618	 -0.8876	 -0.9800	 0.9800	 -0.9800
-0.7097	 -0.8657	 -0.8380	 -0.9800	 0.9800	 -0.9800
-0.8258	 -0.9248	 -0.7266	 -0.9800	 0.9800	 -0.9800
-0.6695	 -0.6721	 -0.9152	 -0.9800	 0.9800	 -0.9800
-0.7989	 -0.8686	 -0.6417	 -0.9800	 0.9800	 -0.9800
-0.9500	 -0.7458	 -0.7641	 -0.9800	 0.9800	 -0.9800
-0.8392	 -0.8863	 -0.9626	 -0.9800	 0.9800	 -0.9800
-0.8724	 -0.7711	 -0.8593	 -0.9800	 0.9800	 -0.9800
-0.8687	 -0.6257	 -0.8931	 -0.9800	 0.9800	 -0.9800
-0.7060	 -0.8114	 -0.9379	 -0.9800	 0.9800	 -0.9800
-0.9010	 -0.8499	 -0.6810	 -0.9800	 0.9800	 -0.9800
-0.9269	 -0.9307	 -0.8138	 -0.9800	 0.9800	 -0.9800
-0.8745	 -0.9556	 -0.7785	 -0.9800	 0.9800	 -0.9800
-0.6724	 -0.9440	 -0.7940	 -0.9800	 0.9800	 -0.9800
-0.8080	 -0.8654	 -0.8065	 -0.9800	 0.9800	 -0.9800
-0.9887	 -0.9033	 -0.8895	 -0.9800	 0.9800	 -0.9800
-0.9294	 -0.8778	 -0.8917	 -0.9800	 0.9800	 -0.9800
-0.7516	 -0.8610	 -0.8555	 -0.9800	 0.9800	 -0.9800
-0.7921	 -0.7148	 -0.8386	 -0.9800	 0.9800	 -0.9800
-0.9073	 -0.9598	 -0.7461	 -0.9800	 0.9800	 -0.9800
-0.7328	 -0.6519	 -0.9203	 -0.9800	 0.9800	 -0.9800
-0.8020	 -0.8302	 -0.7042	 -0.9800	 0.9800	 -0.9800
-0.7589	 -0.8200	 -0.8409	 -0.9800	 0.9800	 -0.9800
-0.9751	 -0.8887	 -0.9358	 -0.9800	 0.9800	 -0.9800
-0.7158	 -0.9152	 -0.6051	 -0.9800	 0.9800	 -0.9800
-0.9185	 -0.7794	 -0.8431	 -0.9800	 0.9800	 -0.9800
-0.8590	 -0.7467	 -0.6853	 -0.9800	 0.9800	 -0.9800
-0.8735	 -0.8850	 -0.9474	 -0.9800	 0.9800	 -0.9800
-0.8987	 -0.8163	 -0.9240	 -0.9800	 0.9800	 -0.9800
-0.9480	 -0.8724	 -0.9228	 -0.9800	 0.9800	 -0.9800
-0.8226	 -0.7870	 -0.9574	 -0.9800	 0.9800	 -0.9800
-0.7667	 -0.9062	 -0.9358	 -0.9800	 0.9800	 -0.9800
-0.9100	 -0.6909	 -0.9718	 -0.9800	 0.9800	 -0.9800
-0.5822	 -0.8021	 -0.8335	 -0.9800	 0.9800	 -0.9800
-0.8023	 -0.8434	 -0.9036	 -0.9800	 0.9800	 -0.9800
-0.6795	 -0.7050	 -0.8234	 -0.9800	 0.9800	 -0.9800
-0.7951	 -0.9307	 -0.9518	 -0.9800	 0.9800	 -0.9800
-0.8806	 -0.7624	 -0.7136	 -0.9800	 0.9800	 -0.9800
-0.6940	 -0.6341	 -0.7547	 -0.9800	 0.9800	 -0.9800
-0.6972	 -0.7273	 -0.7718	 -0.9800	 0.9800	 -0.9800
-0.8563	 -0.8508	 -0.6683	 -0.9800	 0.9800	 -0.9800
-0.9118	 -0.8721	 -0.9087	 -0.9800	 0.9800	 -0.9800
-0.8628	 -0.7192	 -0.6498	 -0.9800	 0.9800	 -0.9800
-0.5985	 -0.8110	 -0.7442	 -0.9800	 0.9800	 -0.9800
-0.7949	 -0.9106	 -0.8645	 -0.9800	 0.9800	 -0.9800
-0.7133	 -0.6719	 -0.8638	 -0.9800	 0.9800	 -0.9800
-0.7104	 -0.7022	 -0.9931	 -0.9800	 0.9800	 -0.9800
-0.5999	 -0.8550	 -0.7422	 -0.9800	 0.9800	 -0.9800
-0.8569	 -0.6806	 -0.8917	 -0.9800	 0.9800	 -0.9800
-0.7669	 -0.6027	 -0.8392	 -0.9800	 0.9800	 -0.9800
-0.7451	 -0.7463	 -0.9764	 -0.9800	 0.9800	 -0.9800
-0.7284	 -0.6410	 -0.9255	 -0.9800	 0.9800	 -0.9800
-0.7550	 -0.6763	 -0.7302	 -0.9800	 0.9800	 -0.9800
-0.7082	 -0.9958	 -0.7137	 -0.9800	 0.9800	 -0.9800
-0.6453	 -0.8195	 -0.7024	 -0.9800	 0.9800	 -0.9800
-0.6803	 -0.7572	 -0.8195	 -0.9800	 0.9800	 -0.9800
-0.5805	 -0.8359	 -0.8766	 -0.9800	 0.9800	 -0.9800
-0.8415	 -0.6475	 -0.8215	 -0.9800	 0.9800	 -0.9800
-0.7111	 -0.6866	 -0.8002	 -0.9800	 0.9800	 -0.9800
-0.9073	 -0.7256	 -0.6745	 -0.9800	 0.9800	 -0.9800
-0.8961	 -0.7610	 -0.9681	 -0.9800	 0.9800	 -0.9800
-0.9536	 -0.8030	 -0.6512	 -0.9800	 0.9800	 -0.9800
-0.7857	 -0.8701	 -0.8043	 -0.9800	 0.9800	 -0.9800
-0.6002	 -0.7987	 -0.6698	 -0.9800	 0.9800	 -0.9800
-0.7582	 -0.6943	 -0.9081	 -0.9800	 0.9800	 -0.9800
-0.9690	 -0.7770	 -0.9517	 -0.9800	 0.9800	 -0.9800
-0.7726	 -0.8558	 -0.9419	 -0.9800	 0.9800	 -0.9800
-0.8940	 -0.8963	 -0.9000	 -0.9800	 0.9800	 -0.9800
-0.8009	 -0.8398	 -0.8336	 -0.9800	 0.9800	 -0.9800
-0.8793	 -0.8301	 -0.6239	 -0.9800	 0.9800	 -0.9800
-0.9798	 -0.7583	 -0.7150	 -0.9800	 0.9800	 -0.9800
-0.7784	 -0.7151	 -0.5834	 -0.9800	 0.9800	 -0.9800
-0.8733	 -0.6558	 -0.8304	 -0.9800	 0.9800	 -0.9800
-0.7290	 -0.8032	 -0.7893	 -0.9800	 0.9800	 -0.9800
-0.8729	 -0.7114	 -0.7462	 -0.9800	 0.9800	 -0.9800
-0.5767	 -0.8871	 -0.7646	 -0.9800	 0.9800	 -0.9800
-0.8041	 -0.9989	 -0.9413	 -0.9800	 0.9800	 -0.9800
-0.6779	 -0.8300	 -0.6599	 -0.9800	 0.9800	 -0.9800
-0.7531	 -0.6020	 -0.8683	 -0.9800	 0.9800	 -0.9800
-0.9472	 -0.7738	 -0.9746	 -0.9800	 0.9800	 -0.9800
-0.8647	 -0.9571	 -0.6527	 -0.9800	 0.9800	 -0.9800
-0.7024	 -0.6873	 -0.9588	 -0.9800	 0.9800	 -0.9800
-0.9265	 -0.8319	 -0.9729	 -0.9800	 0.9800	 -0.9800
-0.8722	 -0.9284	 -0.9873	 -0.9800	 0.9800	 -0.9800
-0.7207	 -0.6479	 -0.9318	 -0.9800	 0.9800	 -0.9800
-0.7278	 -0.8123	 -0.6873	 -0.9800	 0.9800	 -0.9800
-0.9412	 -0.9007	 -0.7170	 -0.9800	 0.9800	 -0.9800
-0.6974	 -0.7617	 -0.6035	 -0.9800	 0.9800	 -0.9800
-0.9469	 -0.9309	 -0.7734	 -0.9800	 0.9800	 -0.9800
-0.9794	 -0.8455	 -0.6543	 -0.9800	 0.9800	 -0.9800
-0.8446	 -0.8055	 -0.6457	 -0.9800	 0.9800	 -0.9800
-0.7760	 -0.8215	 -0.7740	 -0.9800	 0.9800	 -0.9800
-0.7651	 -0.7487	 -0.7840	 -0.9800	 0.9800	 -0.9800
-0.6865	 -0.7684	 -0.9056	 -0.9800	 0.9800	 -0.9800
-0.6738	 -0.7745	 -0.7136	 -0.9800	 0.9800	 -0.9800
-0.9066	 -0.8383	 -0.7273	 -0.9800	 0.9800	 -0.9800
-0.8627	 -0.9432	 -0.6556	 -0.9800	 0.9800	 -0.9800
-0.9057	 -0.7407	 -0.5876	 -0.9800	 0.9800	 -0.9800
-0.9368	 -0.7189	 -0.8804	 -0.9800	 0.9800	 -0.9800
-0.8138	 -0.5933	 -0.9284	 -0.9800	 0.9800	 -0.9800
-0.7222	 -0.5878	 -0.8555	 -0.9800	 0.9800	 -0.9800
-0.6688	 -0.8730	 -0.8076	 -0.9800	 0.9800	 -0.9800
-0.8570	 -0.9095	 -0.6467	 -0.9800	 0.9800	 -0.9800
-0.5706	 -0.8338	 -0.7336	 -0.9800	 0.9800	 -0.9800
-0.8282	 -0.8047	 -0.8077	 -0.9800	 0.9800	 -0.9800
-0.6991	 -0.7451	 -0.9671	 -0.9800	 0.9800	 -0.9800
-0.8419	 -0.8892	 -0.6798	 -0.9800	 0.9800	 -0.9800
-0.7970	 -0.8390	 -0.8434	 -0.9800	 0.9800	 -0.9800
-0.8522	 -0.7466	 -0.8497	 -0.9800	 0.9800	 -0.9800
-0.9719	 -0.8072	 -0.7216	 -0.9800	 0.9800	 -0.9800
-0.7240	 -0.7173	 -0.7163	 -0.9800	 0.9800	 -0.9800
-0.7888	 -0.8414	 -0.7602	 -0.9800	 0.9800	 -0.9800
-0.6626	 -0.9530	 -0.7131	 -0.9800	 0.9800	 -0.9800
-0.8060	 -0.7533	 -0.7189	 -0.9800	 0.9800	 -0.9800
-0.8840	 -0.7711	 -0.6090	 -0.9800	 0.9800	 -0.9800
-0.6200	 -0.7412	 -0.8741	 -0.9800	 0.9800	 -0.9800
-0.9565	 -0.8657	 -0.8332	 -0.9800	 0.9800	 -0.9800
-0.7497	 -0.8971	 -0.6741	 -0.9800	 0.9800	 -0.9800
-0.6683	 -0.6490	 -0.8698	 -0.9800	 0.9800	 -0.9800
-0.8683	 -0.9514	 -0.7465	 -0.9800	 0.9800	 -0.9800
-0.6260	 -0.8068	 -0.6915	 -0.9800	 0.9800	 -0.9800
-0.8294	 -0.6876	 -0.7977	 -0.9800	 0.9800	 -0.9800
-0.6151	 -0.8064	 -0.7429	 -0.9800	 0.9800	 -0.9800
-0.8260	 -0.8843	 -0.9252	 -0.9800	 0.9800	 -0.9800
-0.8454	 -0.8874	 -0.7998	 -0.9800	 0.9800	 -0.9800
-0.9195	 -0.6887	 -0.9573	 -0.9800	 0.9800	 -0.9800
-0.7379	 -0.7477	 -0.6014	 -0.9800	 0.9800	 -0.9800
-0.8856	 -0.7923	 -0.9664	 -0.9800	 0.9800	 -0.9800
-0.8921	 -0.9208	 -0.9158	 -0.9800	 0.9800	 -0.9800
-0.8106	 -0.7459	 -0.8410	 -0.9800	 0.9800	 -0.9800
-0.9337	 -0.8789	 -0.6928	 -0.9800	 0.9800	 -0.9800
-0.6032	 -0.7213	 -0.9001	 -0.9800	 0.9800	 -0.9800
-0.8162	 -0.8832	 -0.7670	 -0.9800	 0.9800	 -0.9800
-0.9591	 -0.7311	 -0.7457	 -0.9800	 0.9800	 -0.9800
-0.9041	 -0.7203	 -0.7262	 -0.9800	 0.9800	 -0.9800
-0.6380	 -0.7626	 -0.8106	 -0.9800	 0.9800	 -0.9800
-0.9885	 -0.8216	 -0.7459	 -0.9800	 0.9800	 -0.9800
-0.7098	 -0.9478	 -0.9185	 -0.9800	 0.9800	 -0.9800
-0.6787	 -0.6855	 -0.7592	 -0.9800	 0.9800	 -0.9800
-0.9189	 -0.8602	 -0.8370	 -0.9800	 0.9800	 -0.9800
-0.9380	 -0.8808	 -0.7574	 -0.9800	 0.9800	 -0.9800
-0.0476	 0.0732	 0.0661	 -0.9800	 -0.9800	 0.9800
-0.0059	 0.0394	 -0.0428	 -0.9800	 -0.9800	 0.9800
0.1355	 0.0624	 0.0685	 -0.9800	 -0.9800	 0.9800
0.1208	 0.0496	 -0.1386	 -0.9800	 -0.9800	 0.9800
-0.1474	 0.0322	 -0.0966	 -0.9800	 -0.9800	 0.9800
-0.0887	 0.1679	 0.0294	 -0.9800	 -0.9800	 0.9800
-0.0251	 -0.0623	 -0.1532	 -0.9800	 -0.9800	 0.9800
-0.1390	 -0.0687	 -0.0669	 -0.9800	 -0.9800	 0.9800
0.0340	 0.0649	 0.1369	 -0.9800	 -0.9800	 0.9800
0.0104	 0.0055	 -0.0021	 -0.9800	 -0.9800	 0.9800
0.0522	 -0.0695	 0.1267	 -0.9800	 -0.9800	 0.9800
0.0953	 -0.0549	 -0.1587	 -0.9800	 -0.9800	 0.9800
0.0903	 -0.0091	 -0.1103	 -0.9800	 -0.9800	 0.9800
0.1303	 -0.0234	 -0.1343	 -0.9800	 -0.9800	 0.9800
0.0488	 -0.0857	 -0.1166	 -0.9800	 -0.9800	 0.9800
-0.0433	 0.0994	 -0.1067	 -0.9800	 -0.9800	 0.9800
-0.1298	 -0.0493	 0.0104	 -0.9800	 -0.9800	 0.9800
-0.0276	 0.1016	 0.1189	 -0.9800	 -0.9800	 0.9800
-0.0171	 0.0185	 -0.1512	 -0.9800	 -0.9800	 0.9800
0.1084	 0.0381	 0.0222	 -0.9800	 -0.9800	 0.9800
-0.0670	 -0.1347	 -0.0144	 -0.9800	 -0.9800	 0.9800
0.1021	 0.0129	 0.1407	 -0.9800	 -0.9800	 0.9800
0.1293	 0.0546	 -0.0112	 -0.9800	 -0.9800	 0.9800
0.0113	 -0.0829	 0.0375	 -0.9800	 -0.9800	 0.9800
0.0303	 -0.1063	 0.1557	 -0.9800	 -0.9800	 0.9800
0.0656	 0.1078	 -0.1496	 -0.9800	 -0.9800	 0.9800
0.0335	 0.0606	 -0.1203	 -0.9800	 -0.9800	 0.9800
0.0288	 -0.1398	 -0.0655	 -0.9800	 -0.9800	 0.9800
0.0152	 0.0412	 -0.1610	 -0.9800	 -0.9800	 0.9800
0.0430	 -0.0705	 -0.1017	 -0.9800	 -0.9800	 0.9800
-0.0237	 -0.0828	 -0.1260	 -0.9800	 -0.9800	 0.9800
0.1063	 0.0781	 0.0778	 -0.9800	 -0.9800	 0.9800
-0.0109	 -0.1028	 -0.1516	 -0.9800	 -0.9800	 0.9800
-0.0361	 0.1263	 -0.0484	 -0.9800	 -0.9800	 0.9800
0.0868	 -0.0263	 -0.0977	 -0.9800	 -0.9800	 0.9800
-0.1604	 -0.0957	 -0.0652	 -0.9800	 -0.9800	 0.9800
-0.0437	 -0.1504	 -0.0067	 -0.9800	 -0.9800	 0.9800
-0.0489	 0.0311	 0.0287	 -0.9800	 -0.9800	 0.9800
-0.0750	 0.0972	 -0.1370	 -0.9800	 -0.9800	 0.9800
-0.1385	 0.0209	 0.0986	 -0.9800	 -0.9800	 0.9800
-0.0813	 -0.0367	 0.1713	 -0.9800	 -0.9800	 0.9800
-0.0165	 0.0951	 -0.1676	 -0.9800	 -0.9800	 0.9800
-0.0320	 0.1961	 0.0183	 -0.9800	 -0.9800	 0.9800
-0.1138	 0.0767	 -0.0711	 -0.9800	 -0.9800	 0.9800
-0.0114	 -0.1225	 -0.0301	 -0.9800	 -0.9800	 0.9800
-0.0643	 -0.1619	 0.0342	 -0.9800	 -0.9800	 0.9800
0.1068	 -0.1117	 0.1080	 -0.9800	 -0.9800	 0.9800
0.0451	 0.1517	 -0.0820	 -0.9800	 -0.9800	 0.9800
-0.0064	 0.1314	 -0.1075	 -0.9800	 -0.9800	 0.9800
0.0489	 -0.0618	 0.1394	 -0.9800	 -0.9800	 0.9800
0.0805	 0.1332	 -0.0774	 -0.9800	 -0.9800	 0.9800
-0.1356	 0.0090	 0.0805	 -0.9800	 -0.9800	 0.9800
-0.0432	 -0.1757	 -0.0011	 -0.9800	 -0.9800	 0.9800
0.0640	 0.1304	 0.0235	 -0.9800	 -0.9800	 0.9800
0.0840	 -0.0502	 -0.0606	 -0.9800	 -0.9800	 0.9800
-0.1325	 -0.0906	 0.1157	 -0.9800	 -0.9800	 0.9800
-0.1007	 0.0346	 0.0390	 -0.9800	 -0.9800	 0.9800
0.1429	 -0.0159	 -0.0075	 -0.9800	 -0.9800	 0.9800
-0.0145	 -0.0074	 0.0987	 -0.9800	 -0.9800	 0.9800
0.0758	 0.1694	 0.0598	 -0.9800	 -0.9800	 0.9800
-0.1461	 -0.0863	 0.0596	 -0.9800	 -0.9800	 0.9800
0.0293	 0.0199	 -0.1617	 -0.9800	 -0.9800	 0.9800
-0.0699	 0.0435	 -0.1714	 -0.9800	 -0.9800	 0.9800
-0.0351	 -0.0994	 0.0152	 -0.9800	 -0.9800	 0.9800
0.1454	 0.1138	 -0.0021	 -0.9800	 -0.9800	 0.9800
-0.1519	 -0.0178	 0.0095	 -0.9800	 -0.9800	 0.9800
-0.0011	 0.0443	 -0.1151	 -0.9800	 -0.9800	 0.9800
0.1183	 0.0315	 0.0094	 -0.9800	 -0.9800	 0.9800
-0.1473	 0.0757	 -0.0000	 -0.9800	 -0.9800	 0.9800
-0.0574	 0.0885	 -0.1351	 -0.9800	 -0.9800	 0.9800
0.1450	 -0.0910	 -0.0179	 -0.9800	 -0.9800	 0.9800
-0.1238	 0.0960	 0.0655	 -0.9800	 -0.9800	 0.9800
-0.1540	 -0.0841	 0.0549	 -0.9800	 -0.9800	 0.9800
-0.1419	 0.1390	 0.0100	 -0.9800	 -0.9800	 0.9800
0.0425	 -0.0673	 -0.1280	 -0.9800	 -0.9800	 0.9800
-0.0061	 0.1348	 0.0856	 -0.9800	 -0.9800	 0.9800
0.0231	 0.1351	 -0.0987	 -0.9800	 -0.9800	 0.9800
-0.0011	 -0.1507	 0.0177	 -0.9800	 -0.9800	 0.9800
-0.0307	 0.1091	 0.0058	 -0.9800	 -0.9800	 0.9800
0.0233	 0.0133	 0.1340	 -0.9800	 -0.9800	 0.9800
0.1767	 -0.0338	 0.0123	 -0.9800	 -0.9800	 0.9800
-0.1252	 0.1120	 -0.0954	 -0.9800	 -0.9800	 0.9800
-0.0573	 -0.0708	 0.0409	 -0.9800	 -0.9800	 0.9800
-0.1228	 -0.0070	 0.0253	 -0.9800	 -0.9800	 0.9800
0.1432	 -0.0768	 0.0012	 -0.9800	 -0.9800	 0.9800
-0.0029	 0.0237	 0.1372	 -0.9800	 -0.9800	 0.9800
-0.0560	 0.0523	 -0.1052	 -0.9800	 -0.9800	 0.9800
0.0990	 0.0600	 -0.1272	 -0.9800	 -0.9800	 0.9800
-0.1077	 -0.1170	 -0.1061	 -0.9800	 -0.9800	 0.9800
-0.1314	 0.0698	 -0.0139	 -0.9800	 -0.9800	 0.9800
-0.0436	 -0.1520	 -0.0524	 -0.9800	 -0.9800	 0.9800
-0.0053	 0.0935	 -0.1553	 -0.9800	 -0.9800	 0.9800
0.0674	 -0.0213	 0.0822	 -0.9800	 -0.9800	 0.9800
-0.1167	 -0.0778	 0.0200	 -0.9800	 -0.9800	 0.9800
0.0630	 0.0656	 -0.0459	 -0.9800	 -0.9800	 0.9800
0.0180	 0.0831	 -0.0939	 -0.9800	 -0.9800	 0.9800
0.0915	 -0.0573	 -0.1639	 -0.9800	 -0.9800	 0.9800
0.1493	 0.0945	 0.0704	 -0.9800	 -0.9800	 0.9800
-0.0481	 -0.0747	 -0.0875	 -0.9800	 -0.9800	 0.9800
-0.1206	 0.0475	 -0.0839	 -0.9800	 -0.9800	 0.9800
-0.1475	 -0.0384	 0.0766	 -0.9800	 -0.9800	 0.9800
-0.0580	 0.0834	 0.0843	 -0.9800	 -0.9800	 0.9800
-0.0912	 0.0884	 -0.1468	 -0.9800	 -0.9800	 0.9800
-0.1117	 0.1486	 0.0052	 -0.9800	 -0.9800	 0.9800
0.1031	 0.0408	 -0.0905	 -0.9800	 -0.9800	 0.9800
-0.0265	 0.1582	 0.0585	 -0.9800	 -0.9800	 0.9800
0.0582	 0.0913	 -0.0080	 -0.9800	 -0.9800	 0.9800
-0.1013	 0.0087	 -0.1314	 -0.9800	 -0.9800	 0.9800
0.0343	 0.1712	 0.0419	 -0.9800	 -0.9800	 0.9800
-0.0015	 -0.0668	 -0.0295	 -0.9800	 -0.9800	 0.9800
-0.1791	 0.0752	 0.0231	 -0.9800	 -0.9800	 0.9800
0.0344	 0.1804	 0.0690	 -0.9800	 -0.9800	 0.9800
-0.0659	 -0.0477	 0.1330	 -0.9800	 -0.9800	 0.9800
0.1181	 -0.1157	 0.0354	 -0.9800	 -0.9800	 0.9800
0.0127	 -0.0189	 -0.1462	 -0.9800	 -0.9800	 0.9800
-0.0126	 -0.0585	 -0.1891	 -0.9800	 -0.9800	 0.9800
-0.0764	 -0.0721	 0.0859	 -0.9800	 -0.9800	 0.9800
-0.0328	 0.0291	 0.0809	 -0.9800	 -0.9800	 0.9800
-0.0786	 0.1373	 0.0177	 -0.9800	 -0.9800	 0.9800
0.1414	 0.0226	 -0.0243	 -0.9800	 -0.9800	 0.9800
-0.0040	 -0.0857	 0.1313	 -0.9800	 -0.9800	 0.9800
0.1332	 -0.0209	 0.0191	 -0.9800	 -0.9800	 0.9800
0.1335	 -0.1161	 -0.0831	 -0.9800	 -0.9800	 0.9800
0.1706	 0.0732	 0.0452	 -0.9800	 -0.9800	 0.9800
0.0103	 -0.0510	 0.0885	 -0.9800	 -0.9800	 0.9800
-0.0638	 0.0979	 0.1380	 -0.9800	 -0.9800	 0.9800
0.0052	 -0.0747	 0.1825	 -0.9800	 -0.9800	 0.9800
-0.0922	 -0.0677	 -0.0942	 -0.9800	 -0.9800	 0.9800
0.0711	 -0.0324	 0.1112	 -0.9800	 -0.9800	 0.9800
0.1149	 -0.0228	 0.1304	 -0.9800	 -0.9800	 0.9800
0.0431	 -0.0148	 0.1938	 -0.9800	 -0.9800	 0.9800
0.0132	 0.1148	 -0.0203	 -0.9800	 -0.9800	 0.9800
-0.1017	 -0.0468	 -0.1493	 -0.9800	 -0.9800	 0.9800
-0.0202	 0.1297	 0.0473	 -0.9800	 -0.9800	 0.9800
-0.1536	 -0.0803	 0.0119	 -0.9800	 -0.9800	 0.9800
-0.0753	 -0.0864	 -0.0274	 -0.9800	 -0.9800	 0.9800
-0.1033	 0.0360	 -0.0262	 -0.9800	 -0.9800	 0.9800
0.0956	 0.0631	 -0.1020	 -0.9800	 -0.9800	 0.9800
0.0371	 -0.1585	 0.0153	 -0.9800	 -0.9800	 0.9800
-0.1290	 0.0836	 0.0529	 -0.9800	 -0.9800	 0.9800
-0.0886	 0.1199	 0.1238	 -0.9800	 -0.9800	 0.9800
-0.1501	 -0.0449	 -0.1243	 -0.9800	 -0.9800	 0.9800
-0.1225	 -0.0560	 -0.0356	 -0.9800	 -0.9800	 0.9800
0.0979	 -0.1032	 0.0579	 -0.9800	 -0.9800	 0.9800
-0.0388	 -0.0106	 -0.1548	 -0.9800	 -0.9800	 0.9800
-0.1119	 0.1642	 0.0025	 -0.9800	 -0.9800	 0.9800
0.1560	 -0.0400	 -0.0301	 -0.9800	 -0.9800	 0.9800
-0.1010	 -0.0868	 -0.0322	 -0.9800	 -0.9800	 0.9800
-0.0630	 0.1767	 0.0076	 -0.9800	 -0.9800	 0.9800
0.0662	 0.1123	 0.0890	 -0.9800	 -0.9800	 0.9800
0.0539	 -0.1515	 -0.0452	 -0.9800	 -0.9800	 0.9800
0.0806	 0.0513	 0.1739	 -0.9800	 -0.9800	 0.9800
0.0106	 0.1220	 -0.0586	 -0.9800	 -0.9800	 0.9800
-0.0519	 -0.1387	 -0.1217	 -0.9800	 -0.9800	 0.9800
-0.0146	 -0.0787	 0.0762	 -0.9800	 -0.9800	 0.9800
0.0164	 0.0854	 -0.1114	 -0.9800	 -0.9800	 0.9800
0.0288	 0.0327	 -0.1715	 -0.9800	 -0.9800	 0.9800
0.1609	 -0.0844	 -0.0593	 -0.9800	 -0.9800	 0.9800
0.1208	 -0.1302	 0.0755	 -0.9800	 -0.9800	 0.9800
0.0841	 0.1392	 -0.0206	 -0.9800	 -0.9800	 0.9800
-0.0930	 0.1151	 -0.0470	 -0.9800	 -0.9800	 0.9800
0.0229	 0.0827	 -0.1166	 -0.9800	 -0.9800	 0.9800
0.0547	 0.0804	 -0.0116	 -0.9800	 -0.9800	 0.9800
-0.0963	 -0.0603	 -0.1637	 -0.9800	 -0.9800	 0.9800
0.0275	 -0.0271	 0.0612	 -0.9800	 -0.9800	 0.9800
-0.0270	 -0.0715	 0.0981	 -0.9800	 -0.9800	 0.9800
0.0058	 0.0932	 -0.0361	 -0.9800	 -0.9800	 0.9800
-0.1088	 0.1011	 -0.1326	 -0.9800	 -0.9800	 0.9800
0.0773	 -0.0284	 -0.0868	 -0.9800	 -0.9800	 0.9800
0.0484	 0.0220	 -0.0196	 -0.9800	 -0.9800	 0.9800
0.0312	 0.0600	 -0.1649	 -0.9800	 -0.9800	 0.9800
-0.0200	 0.1371	 -0.0094	 -0.9800	 -0.9800	 0.9800
-0.1497	 0.0484	 -0.1007	 -0.9800	 -0.9800	 0.9800
0.0185	 -0.0355	 0.1460	 -0.9800	 -0.9800	 0.9800
0.0746	 0.1350	 -0.1191	 -0.9800	 -0.9800	 0.9800
0.0575	 -0.1442	 0.0141	 -0.9800	 -0.9800	 0.9800
-0.0172	 0.0794	 -0.1486	 -0.9800	 -0.9800	 0.9800
-0.1219	 -0.0585	 0.0039	 -0.9800	 -0.9800	 0.9800
0.1114	 -0.0130	 -0.0632	 -0.9800	 -0.9800	 0.9800
-0.0370	 0.0566	 0.1804	 -0.9800	 -0.9800	 0.9800
0.0483	 -0.1228	 0.0087	 -0.9800	 -0.9800	 0.9800
-0.0100	 -0.0745	 -0.1440	 -0.9800	 -0.9800	 0.9800
-0.1033	 0.0552	 0.0166	 -0.9800	 -0.9800	 0.9800
-0.0114	 0.0229	 0.1590	 -0.9800	 -0.9800	 0.9800
0.0164	 0.0329	 0.0925	 -0.9800	 -0.9800	 0.9800
0.0104	 0.1291	 0.0184	 -0.9800	 -0.9800	 0.9800
0.0274	 -0.1311	 -0.0733	 -0.9800	 -0.9800	 0.9800
-0.0842	 0.0747	 -0.0526	 -0.9800	 -0.9800	 0.9800
-0.1235	 -0.0898	 0.1194	 -0.9800	 -0.9800	 0.9800
0.0442	 -0.0404	 0.1249	 -0.9800	 -0.9800	 0.9800
0.1599	 -0.0602	 0.0431	 -0.9800	 -0.9800	 0.9800
0.1492	 0.0344	 -0.0108	 -0.9800	 -0.9800	 0.9800
0.1873	 -0.0207	 -0.0095	 -0.9800	 -0.9800	 0.9800
0.0250	 0.1825	 -0.0352	 -0.9800	 -0.9800	 0.9800
0.0851	 0.1064	 -0.1251	 -0.9800	 -0.9800	 0.9800
-0.0587	 0.0207	 -0.0946	 -0.9800	 -0.9800	 0.9800
0.0356	 -0.1213	 0.0681	 -0.9800	 -0.9800	 0.9800
0.1071	 0.0381	 0.0597	 -0.9800	 -0.9800	 0.9800
0.0048	 0.1581	 -0.0931	 -0.9800	 -0.9800	 0.9800
-0.1078	 0.0604	 -0.1477	 -0.9800	 -0.9800	 0.9800
-0.1121	 -0.9390	 0.7748	 -0.9800	 -0.9800	 -0.9800
-0.7390	 -0.7573	 -0.5148	 -0.9800	 -0.9800	 -0.9800
0.2106	 0.3531	 -0.1051	 -0.9800	 -0.9800	 -0.9800
0.9026	 0.0057	 0.3033	 -0.9800	 -0.9800	 -0.9800
0.8873	 0.1796	 0.6899	 -0.9800	 -0.9800	 -0.9800
0.3689	 -0.0407	 -0.8023	 -0.9800	 -0.9800	 -0.9800
-0.3395	 0.1180	 0.7369	 -0.9800	 -0.9800	 -0.9800
0.8125	 -0.6742	 0.1211	 -0.9800	 -0.9800	 -0.9800
0.0875	 -0.8479	 -0.9327	 -0.9800	 -0.9800	 -0.9800
-0.9629	 0.5021	 -0.8076	 -0.9800	 -0.9800	 -0.9800
0.2176	 -0.6608	 0.1250	 -0.9800	 -0.9800	 -0.9800
-0.5618	 0.6325	 0.6010	 -0.9800	 -0.9800	 -0.9800
0.3126	 0.0341	 0.0612	 -0.9800	 -0.9800	 -0.9800
-0.9155	 -0.6159	 -0.0200	 -0.9800	 -0.9800	 -0.9800
0.9386	 -0.4017	 0.4916	 -0.9800	 -0.9800	 -0.9800
0.0332	 0.6418	 0.0274	 -0.9800	 -0.9800	 -0.9800
-0.7867	 -0.4515	 0.8056	 -0.9800	 -0.9800	 -0.9800
-0.2340	 0.0642	 -0.8170	 -0.9800	 -0.9800	 -0.9800
0.2739	 0.1478	 0.1738	 -0.9800	 -0.9800	 -0.9800
-0.4750	 0.2560	 -0.0222	 -0.9800	 -0.9800	 -0.9800
-0.1496	 -0.9016	 0.5069	 -0.9800	 -0.9800	 -0.9800
-0.4644	 -0.8001	 -0.3289	 -0.9800	 -0.9800	 -0.9800
-0.8050	 -0.0995	 0.3040	 -0.9800	 -0.9800	 -0.9800
-0.3420	 -0.2769	 0.6025	 -0.9800	 -0.9800	 -0.9800
0.8503	 0.2227	 -0.5558	 -0.9800	 -0.9800	 -0.9800
-0.8372	 0.1667	 0.2056	 -0.9800	 -0.9800	 -0.9800
0.2204	 0.3420	 0.3849	 -0.9800	 -0.9800	 -0.9800
0.4650	 0.7595	 0.6098	 -0.9800	 -0.9800	 -0.9800
0.0510	 0.0180	 -0.9220	 -0.9800	 -0.9800	 -0.9800
-0.8294	 0.1243	 0.1240	 -0.9800	 -0.9800	 -0.9800
-0.8601	 0.8143	 0.4954	 -0.9800	 -0.9800	 -0.9800
-0.3458	 -0.5820	 0.8441	 -0.9800	 -0.9800	 -0.9800
-0.3186	 -0.8738	 -0.3546	 -0.9800	 -0.9800	 -0.9800
-0.8546	 -0.9824	 -0.2932	 -0.9800	 -0.9800	 -0.9800
0.2700	 -0.2557	 -0.1817	 -0.9800	 -0.9800	 -0.9800
-0.2817	 -0.2008	 -0.7395	 -0.9800	 -0.9800	 -0.9800
0.4133	 -0.7562	 -0.4058	 -0.9800	 -0.9800	 -0.9800
0.2074	 0.2709	 -0.5700	 -0.9800	 -0.9800	 -0.9800
0.0306	 -0.6133	 0.5750	 -0.9800	 -0.9800	 -0.9800
0.4538	 -0.5630	 -0.0872	 -0.9800	 -0.9800	 -0.9800
-0.6757	 0.0666	 0.9478	 -0.9800	 -0.9800	 -0.9800
-0.0038	 0.0436	 -0.9802	 -0.9800	 -0.9800	 -0.9800
-0.1472	 -0.4103	 0.8841	 -0.9800	 -0.9800	 -0.9800
0.2015	 -0.4116	 -0.6892	 -0.9800	 -0.9800	 -0.9800
0.8208	 -0.7231	 0.3085	 -0.9800	 -0.9800	 -0.9800
0.5758	 -0.2375	 -0.3754	 -0.9800	 -0.9800	 -0.9800
-0.1381	 0.1416	 0.9356	 -0.9800	 -0.9800	 -0.9800
0.3504	 -0.7929	 0.5306	 -0.9800	 -0.9800	 -0.9800
0.0176	 0.2970	 -0.0312	 -0.9800	 -0.9800	 -0.9800
0.7762	 -0.8764	 0.9335	 -0.9800	 -0.9800	 -0.9800
0.9528	 -0.7650	 -0.3989	 -0.9800	 -0.9800	 -0.9800
0.7680	 0.3198	 -0.7095	 -0.9800	 -0.9800	 -0.9800
0.3437	 0.4801	 -0.7404	 -0.9800	 -0.9800	 -0.9800
0.5298	 0.8099	 0.8989	 -0.9800	 -0.9800	 -0.9800
0.3176	 0.4793	 0.7328	 -0.9800	 -0.9800	 -0.9800
-0.4400	 -0.4073	 0.3476	 -0.9800	 -0.9800	 -0.9800
0.3525	 -0.9729	 -0.9706	 -0.9800	 -0.9800	 -0.9800
0.2186	 -0.6697	 -0.6929	 -0.9800	 -0.9800	 -0.9800
0.2514	 -0.8792	 0.1869	 -0.9800	 -0.9800	 -0.9800
0.2822	 0.9812	 -0.6754	 -0.9800	 -0.9800	 -0.9800
-0.1693	 -0.5424	 -0.1187	 -0.9800	 -0.9800	 -0.9800
0.8405	 -0.0935	 0.7276	 -0.9800	 -0.9800	 -0.9800
-0.3976	 0.7001	 -0.2057	 -0.9800	 -0.9800	 -0.9800
0.2975	 0.7202	 -0.6017	 -0.9800	 -0.9800	 -0.9800
-0.0310	 0.4497	 -0.1275	 -0.9800	 -0.9800	 -0.9800
-0.0841	 -0.1396	 -0.8880	 -0.9800	 -0.9800	 -0.9800
0.6556	 0.6475	 -0.9168	 -0.9800	 -0.9800	 -0.9800
-0.3887	 -0.0453	 0.4902	 -0.9800	 -0.9800	 -0.9800
-0.4420	 -0.5371	 -0.6594	 -0.9800	 -0.9800	 -0.9800
-0.9670	 -0.1493	 0.5645	 -0.9800	 -0.9800	 -0.9800
-0.3347	 0.0757	 -0.5732	 -0.9800	 -0.9800	 -0.9800
0.4472	 -0.5355	 0.1798	 -0.9800	 -0.9800	 -0.9800
-0.1893	 0.5690	 -0.5380	 -0.9800	 -0.9800	 -0.9800
0.4011	 0.6630	 0.1990	 -0.9800	 -0.9800	 -0.9800
0.8182	 -0.2844	 -0.0219	 -0.9800	 -0.9800	 -0.9800
-0.9024	 0.0260	 -0.7619	 -0.9800	 -0.9800	 -0.9800
0.7529	 0.7791	 0.4701	 -0.9800	 -0.9800	 -0.9800
-0.4294	 -0.4354	 -0.1937	 -0.9800	 -0.9800	 -0.9800
-0.9126	 -0.0552	 -0.7349	 -0.9800	 -0.9800	 -0.9800
0.3667	 0.9892	 0.8849	 -0.9800	 -0.9800	 -0.9800
-0.0236	 0.9868	 0.2145	 -0.9800	 -0.9800	 -0.9800
0.3063	 0.5660	 0.8475	 -0.9800	 -0.9800	 -0.9800
0.7849	 -0.4556	 -0.9777	 -0.9800	 -0.9800	 -0.9800
0.5768	 0.0026	 -0.8774	 -0.9800	 -0.9800	 -0.9800
-0.0221	 0.1892	 0.5851	 -0.9800	 -0.9800	 -0.9800
-0.4734	 0.6237	 0.6648	 -0.9800	 -0.9800	 -0.9800
0.9007	 -0.4704	 0.7498	 -0.9800	 -0.9800	 -0.9800
-0.6061	 -0.7314	 0.0765	 -0.9800	 -0.9800	 -0.9800
-0.9735	 -0.5821	 -0.2482	 -0.9800	 -0.9800	 -0.9800
0.4030	 -0.8698	 0.6013	 -0.9800	 -0.9800	 -0.9800
-0.1854	 -0.4436	 0.7973	 -0.9800	 -0.9800	 -0.9800
0.9039	 -0.2163	 0.7959	 -0.9800	 -0.9800	 -0.9800
0.2158	 0.2783	 -0.6579	 -0.9800	 -0.9800	 -0.9800
-0.6935	 -0.2311	 -0.7184	 -0.9800	 -0.9800	 -0.9800
0.1988	 -0.1906	 -0.4969	 -0.9800	 -0.9800	 -0.9800
0.6544	 0.7199	 -0.5749	 -0.9800	 -0.9800	 -0.9800
0.8145	 0.4219	 -0.5646	 -0.9800	 -0.9800	 -0.9800
0.1591	 0.6127	 0.6001	 -0.9800	 -0.9800	 -0.9800
-0.9013	 -0.4628	 -0.9961	 -0.9800	 -0.9800	 -0.9800
0.0350	 0.2199	 -0.4290	 -0.9800	 -0.9800	 -0.9800
0.8568	 0.6990	 -0.3655	 -0.9800	 -0.9800	 -0.9800
-0.4196	 -0.6773	 -0.3756	 -0.9800	 -0.9800	 -0.9800
0.5849	 0.5535	 -0.1362	 -0.9800	 -0.9800	 -0.9800
-0.0271	 0.6416	 0.3751	 -0.9800	 -0.9800	 -0.9800
-0.4611	 -0.5141	 0.3853	 -0.9800	 -0.9800	 -0.9800
0.6912	 -0.9944	 -0.1969	 -0.9800	 -0.9800	 -0.9800
-0.9972	 -0.2780	 0.8578	 -0.9800	 -0.9800	 -0.9800
0.5443	 0.6440	 -0.9012	 -0.9800	 -0.9800	 -0.9800
0.2736	 -0.8685	 -0.3703	 -0.9800	 -0.9800	 -0.9800
-0.3876	 0.0587	 -0.5544	 -0.9800	 -0.9800	 -0.9800
0.0981	 -0.1828	 -0.2224	 -0.9800	 -0.9800	 -0.9800
0.8194	 0.8919	 0.3581	 -0.9800	 -0.9800	 -0.9800
-0.5187	 0.9544	 0.6981	 -0.9800	 -0.9800	 -0.9800
-0.2128	 -0.0665	 -0.0611	 -0.9800	 -0.9800	 -0.9800
0.2468	 -0.9897	 -0.0214	 -0.9800	 -0.9800	 -0.9800
0.4692	 -0.9418	 0.6104	 -0.9800	 -0.9800	 -0.9800
-0.4354	 0.8519	 -0.2836	 -0.9800	 -0.9800	 -0.9800
-0.5417	 -0.4631	 0.8615	 -0.9800	 -0.9800	 -0.9800
0.1266	 -0.4490	 0.0502	 -0.9800	 -0.9800	 -0.9800
0.1643	 -0.9270	 -0.4272	 -0.9800	 -0.9800	 -0.9800
0.7953	 0.4557	 -0.7522	 -0.9800	 -0.9800	 -0.9800
-0.8606	 0.8291	 0.7346	 -0.9800	 -0.9800	 -0.9800
-0.2416	 -0.7812	 0.3713	 -0.9800	 -0.9800	 -0.9800
-0.0256	 0.2955	 0.4680	 -0.9800	 -0.9800	 -0.9800
0.5672	 -0.6880	 0.3714	 -0.9800	 -0.9800	 -0.9800
0.6487	 0.3583	 0.6091	 -0.9800	 -0.9800	 -0.9800
-0.2275	 0.3110	 -0.9797	 -0.9800	 -0.9800	 -0.9800
0.7925	 -0.1441	 0.6613	 -0.9800	 -0.9800	 -0.9800
-0.5850	 -0.9811	 0.8990	 -0.9800	 -0.9800	 -0.9800
-0.5923	 0.8718	 -0.5301	 -0.9800	 -0.9800	 -0.9800
-0.5153	 -0.2526	 -0.2416	 -0.9800	 -0.9800	 -0.9800
0.9695	 -0.9733	 0.7591	 -0.9800	 -0.9800	 -0.9800
0.1330	 -0.9210	 -0.9607	 -0.9800	 -0.9800	 -0.9800
-0.2175	 0.1566	 -0.4212	 -0.9800	 -0.9800	 -0.9800
0.6317	 -0.9170	 -0.6601	 -0.9800	 -0.9800	 -0.9800
-0.0869	 0.3846	 0.2899	 -0.9800	 -0.9800	 -0.9800
0.4531	 -0.9017	 -0.1593	 -0.9800	 -0.9800	 -0.9800
0.5495	 -0.9289	 0.1939	 -0.9800	 -0.9800	 -0.9800
-0.8439	 0.5991	 0.6480	 -0.9800	 -0.9800	 -0.9800
0.2864	 0.5969	 0.6589	 -0.9800	 -0.9800	 -0.9800
0.2387	 0.1844	 -0.7571	 -0.9800	 -0.9800	 -0.9800
0.1770	 -0.8471	 0.1823	 -0.9800	 -0.9800	 -0.9800
-0.2130	 -0.3227	 -0.6206	 -0.9800	 -0.9800	 -0.9800
-0.7651	 -0.0226	 0.0201	 -0.9800	 -0.9800	 -0.9800
-0.9214	 -0.4898	 -0.1337	 -0.9800	 -0.9800	 -0.9800
-0.7767	 0.5909	 -0.5808	 -0.9800	 -0.9800	 -0.9800
-0.2027	 0.5195	 0.9670	 -0.9800	 -0.9800	 -0.9800
-0.4810	 0.1228	 -0.1732	 -0.9800	 -0.9800	 -0.9800
0.1445	 0.2817	 -0.5455	 -0.9800	 -0.9800	 -0.9800
0.2533	 0.5753	 0.6420	 -0.9800	 -0.9800	 -0.9800
-0.4357	 0.0356	 0.9399	 -0.9800	 -0.9800	 -0.9800
0.7643	 -0.7082	 -0.4020	 -0.9800	 -0.9800	 -0.9800
0.4420	 -0.9852	 -0.5998	 -0.9800	 -0.9800	 -0.9800
-0.7677	 0.4671	 -0.9616	 -0.9800	 -0.9800	 -0.9800
0.3108	 -0.4246	 0.3334	 -0.9800	 -0.9800	 -0.9800
0.2802	 -0.9454	 -0.9938	 -0.9800	 -0.9800	 -0.9800
-0.6775	 0.5899	 -0.4015	 -0.9800	 -0.9800	 -0.9800
-0.3201	 0.2698	 0.4420	 -0.9800	 -0.9800	 -0.9800
0.7117	 0.3810	 -0.3018	 -0.9800	 -0.9800	 -0.9800
0.2971	 0.8155	 -0.9174	 -0.9800	 -0.9800	 -0.9800
-0.6387	 0.1161	 0.2073	 -0.9800	 -0.9800	 -0.9800
0.7467	 0.8829	 -0.6435	 -0.9800	 -0.9800	 -0.9800
0.4105	 -0.2594	 -0.8597	 -0.9800	 -0.9800	 -0.9800
-0.5806	 0.1847	 0.5090	 -0.9800	 -0.9800	 -0.9800
-0.2095	 0.4610	 0.4026	 -0.9800	 -0.9800	 -0.9800
-0.2709	 0.8535	 0.1545	 -0.9800	 -0.9800	 -0.9800
-0.2175	 0.5718	 0.5082	 -0.9800	 -0.9800	 -0.9800
-0.8793	 0.1782	 -0.0259	 -0.9800	 -0.9800	 -0.9800
-0.0241	 -0.0966	 0.9495	 -0.9800	 -0.9800	 -0.9800
0.5983	 -0.1062	 0.0944	 -0.9800	 -0.9800	 -0.9800
0.6543	 0.4550	 -0.5622	 -0.9800	 -0.9800	 -0.9800
-0.3564	 -0.5755	 0.9722	 -0.9800	 -0.9800	 -0.9800
0.6110	 -0.0554	 0.2077	 -0.9800	 -0.9800	 -0.9800
-0.1025	 -0.9382	 0.8362	 -0.9800	 -0.9800	 -0.9800
0.6014	 -0.6258	 -0.0741	 -0.9800	 -0.9800	 -0.9800
-0.6962	 -0.1830	 0.8774	 -0.9800	 -0.9800	 -0.9800
-0.9138	 -0.4211	 -0.8975	 -0.9800	 -0.9800	 -0.9800
0.7529	 0.0592	 -0.0013	 -0.9800	 -0.9800	 -0.9800
-0.8113	 0.6398	 -0.3182	 -0.9800	 -0.9800	 -0.9800
-0.6906	 -0.0332	 0.5079	 -0.9800	 -0.9800	 -0.9800
-0.0221	 -0.6395	 0.6984	 -0.9800	 -0.9800	 -0.9800
-0.9249	 0.2809	 0.1564	 -0.9800	 -0.9800	 -0.9800
-0.0458	 0.9240	 -0.9721	 -0.9800	 -0.9800	 -0.9800
-0.6850	 0.7276	 -0.2971	 -0.9800	 -0.9800	 -0.9800
0.7595	 -0.5040	 0.4680	 -0.9800	 -0.9800	 -0.9800
0.6027	 -0.7555	 0.2370	 -0.9800	 -0.9800	 -0.9800
-0.1473	 0.4696	 -0.0521	 -0.9800	 -0.9800	 -0.9800
0.9567	 0.7128	 0.9616	 -0.9800	 -0.9800	 -0.9800
-0.0651	 0.6563	 0.2545	 -0.9800	 -0.9800	 -0.9800
0.5295	 0.1910	 0.3002	 -0.9800	 -0.9800	 -0.9800
-0.4624	 -0.2779	 -0.7349	 -0.9800	 -0.9800	 -0.9800
0.1794	 -0.8327	 0.4151	 -0.9800	 -0.9800	 -0.9800
0.7273	 -0.0277	 -0.9002	 -0.9800	 -0.9800	 -0.9800
-0.9401	 0.0140	 -0.5384	 -0.9800	 -0.9800	 -0.9800
-0.1043	 -0.0572	 0.4208	 -0.9800	 -0.9800	 -0.9800
0.2908	 0.8723	 -0.5793	 -0.9800	 -0.9800	 -0.9800
0.0763	 0.2781	 -0.6043	 -0.9800	 -0.9800	 -0.9800
-0.9991	 -0.3003	 0.6510	 -0.9800	 -0.9800	 -0.9800
-0.7968	 -0.1345	 0.9394	 -0.9800	 -0.9800	 -0.9800
0.9381	 -0.5569	 -0.0101	 -0.9800	 -0.9800	 -0.9800
