   4.9749804e-02  -8.4165887e-01  -7.4449956e-02  -5.0382315e-01   1.8216636e-01  -1.8992680e-01   4.8848141e-01   5.9324905e-02   8.3763479e-01  -7.6644576e-02  -9.9999330e-01  -9.9999128e-01
   4.9411031e-02  -9.0519858e-01  -7.4247422e-02  -5.7030348e-01   1.8248303e-01  -2.6271701e-01   4.8854663e-01  -1.3703450e-02   8.3770280e-01  -1.4418670e-01  -9.9999282e-01  -9.9999526e-01
   4.9023341e-02  -9.6799103e-01  -7.4006912e-02  -6.3786877e-01   1.8273405e-01  -3.4023866e-01   4.8819820e-01  -8.4797004e-02   8.3742067e-01  -2.0980626e-01  -9.9999340e-01  -9.9999400e-01
   6.6527525e-02  -8.5776591e-01  -5.5947906e-02  -5.2038418e-01   2.0076839e-01  -2.0767836e-01   5.0497356e-01   4.1070230e-02   8.5366588e-01  -9.3758495e-02  -7.9999698e-01  -9.9998930e-01
   6.6220076e-02  -9.2081281e-01  -5.5914651e-02  -5.8709471e-01   2.0131827e-01  -2.8185927e-01   5.0483261e-01  -3.1680928e-02   8.5376264e-01  -1.6058574e-01  -7.9999978e-01  -9.9999442e-01
   6.5796986e-02  -9.8390025e-01  -5.5965070e-02  -6.5505264e-01   2.0123267e-01  -3.5945215e-01   5.0443719e-01  -1.0166076e-01   8.5331938e-01  -2.2609781e-01  -7.9999958e-01  -9.9999134e-01
   8.3028263e-02  -8.7370002e-01  -3.7629724e-02  -5.3693877e-01   2.1982826e-01  -2.2577877e-01   5.2158758e-01   2.2862326e-02   8.6978579e-01  -1.1072716e-01  -6.0000583e-01  -9.9999550e-01
   8.2736047e-02  -9.3638004e-01  -3.7866801e-02  -6.0386128e-01   2.2045367e-01  -3.0116717e-01   5.2129022e-01  -4.9428624e-02   8.6982141e-01  -1.7678590e-01  -6.0000321e-01  -9.9998584e-01
   8.2235505e-02  -9.9987084e-01  -3.8081779e-02  -6.7231116e-01   2.2001363e-01  -3.7846140e-01   5.2087507e-01  -1.1819261e-01   8.6917283e-01  -2.4261399e-01  -6.0000505e-01  -9.9999482e-01
   9.9283342e-02  -8.8946808e-01  -1.9633795e-02  -5.5351031e-01   2.3925266e-01  -2.4426752e-01   5.3852686e-01   4.7544027e-03   8.8595398e-01  -1.2743108e-01  -4.0000933e-01  -9.9998558e-01
   9.9001211e-02  -9.5201035e-01  -1.9938455e-02  -6.2067869e-01   2.3964357e-01  -3.2044524e-01   5.3807309e-01  -6.6878527e-02   8.8568429e-01  -1.9296481e-01  -4.0001091e-01  -9.9999638e-01
   1.1567466e-01  -8.4177644e-01  -1.3072462e-03  -5.0372532e-01   2.5880793e-01  -1.9010488e-01   5.5561182e-01   5.9101559e-02   9.0200717e-01  -7.6371241e-02  -2.0001662e-01  -9.9999218e-01
   1.1548757e-01  -9.0516232e-01  -1.7277620e-03  -5.7006404e-01   2.5879098e-01  -2.6312680e-01   5.5555260e-01  -1.3203551e-02   9.0203806e-01  -1.4389985e-01  -2.0001712e-01  -9.9999748e-01
   1.1513207e-01  -9.6775674e-01  -2.1982676e-03  -6.3763191e-01   2.5895725e-01  -3.3960767e-01   5.5505978e-01  -8.4008751e-02   9.0157399e-01  -2.0912699e-01  -2.0001764e-01  -9.9998550e-01
   1.3189927e-01  -8.5780517e-01   1.6347336e-02  -5.2019988e-01   2.7850373e-01  -2.0789377e-01   5.7301881e-01   4.1006938e-02   9.1816720e-01  -9.3460916e-02  -2.3879291e-05  -9.9997716e-01
   1.3175338e-01  -9.2066305e-01   1.5889488e-02  -5.8668750e-01   2.7830784e-01  -2.8210278e-01   5.7278431e-01  -3.1030201e-02   9.1808246e-01  -1.6017166e-01  -2.4039287e-05  -9.9999278e-01
   1.3140903e-01  -9.8358143e-01   1.5390877e-02  -6.5479046e-01   2.7815337e-01  -3.5863408e-01   5.7232882e-01  -1.0081908e-01   9.1755145e-01  -2.2537971e-01  -2.3419305e-05  -9.9997598e-01
   1.4833286e-01  -8.7367599e-01   3.3765699e-02  -5.3663175e-01   2.9810384e-01  -2.2589206e-01   5.9054294e-01   2.3047911e-02   9.3432767e-01  -1.1037831e-01   1.9997270e-01  -9.9999334e-01
   1.4804923e-01  -9.3612044e-01   3.3294550e-02  -6.0339421e-01   2.9761038e-01  -3.0112168e-01   5.9015482e-01  -4.8680707e-02   9.3410990e-01  -1.7637890e-01   1.9997106e-01  -9.9999122e-01
   1.4776473e-01  -9.9950096e-01   3.2699821e-02  -6.7209168e-01   2.9735227e-01  -3.7754034e-01   5.8977357e-01  -1.1740543e-01   9.3356623e-01  -2.4190169e-01   1.9997178e-01  -9.9999400e-01
   1.6482587e-01  -8.8939727e-01   5.0892491e-02  -5.5307756e-01   3.1747567e-01  -2.4416154e-01   6.0819495e-01   5.1918678e-03   9.5049886e-01  -1.2697216e-01   3.9996473e-01  -9.9999574e-01
   1.6448367e-01  -9.5170591e-01   5.0337239e-02  -6.2024874e-01   3.1676465e-01  -3.2018263e-01   6.0774118e-01  -6.6028913e-02   9.5012747e-01  -1.9252628e-01   3.9996425e-01  -9.9997968e-01
   1.8161818e-01  -8.4159193e-01   6.8219671e-02  -5.0336938e-01   3.3714422e-01  -1.8985085e-01   6.2574891e-01   5.8830370e-02   9.6711588e-01  -7.5715794e-02   5.9996111e-01  -9.9999238e-01
   1.8129615e-01  -9.0492353e-01   6.7622153e-02  -5.6957058e-01   3.3658747e-01  -2.6270907e-01   6.2578281e-01  -1.2579858e-02   9.6667134e-01  -1.4342141e-01   5.9995793e-01  -9.9999072e-01
   1.8098870e-01  -9.6741732e-01   6.7067759e-02  -6.3727877e-01   3.3580501e-01  -3.3926632e-01   6.2541100e-01  -8.3183167e-02   9.6629974e-01  -2.0874853e-01   5.9996023e-01  -9.9999316e-01
   1.9837338e-01  -8.5754599e-01   8.4606270e-02  -5.1974204e-01   3.5623521e-01  -2.0738529e-01   6.4343825e-01   4.1005436e-02   9.8346086e-01  -9.2681245e-02   7.9995514e-01  -9.9999630e-01
   1.9792154e-01  -9.2032578e-01   8.4061530e-02  -5.8620798e-01   3.5537701e-01  -2.8146214e-01   6.4344726e-01  -3.0291295e-02   9.8293350e-01  -1.5971232e-01   7.9995254e-01  -9.9999190e-01
   1.9758598e-01  -9.8326476e-01   8.3503703e-02  -6.5454180e-01   3.5468080e-01  -3.5842339e-01   6.4311342e-01  -1.0008297e-01   9.8256061e-01  -2.2506604e-01   7.9995334e-01  -9.9999290e-01
   2.1519894e-01  -8.7330096e-01   1.0066847e-01  -5.3610353e-01   3.7502003e-01  -2.2514199e-01   6.6108897e-01   2.3182004e-02   9.9978867e-01  -1.0946776e-01   9.9994516e-01  -9.9999496e-01
   2.1466257e-01  -9.3579132e-01   1.0010957e-01  -6.0298635e-01   3.7390331e-01  -3.0041110e-01   6.6112415e-01  -4.7919058e-02   9.9929435e-01  -1.7593714e-01   9.9994736e-01  -9.9999362e-01
   2.1432530e-01  -9.9923964e-01   9.9746553e-02  -6.7196102e-01   3.7343731e-01  -3.7752532e-01   6.6086948e-01  -1.1677916e-01   9.9882899e-01  -2.4154597e-01   9.9994564e-01  -9.9999406e-01
   4.9059386e-02  -8.8331760e-01  -7.3857372e-02  -5.4953729e-01   1.8083015e-01  -2.4182853e-01   4.8517392e-01   4.6855325e-03   8.3190505e-01  -1.2647419e-01  -9.9998678e-01  -7.9999972e-01
   4.8694653e-02  -9.4558912e-01  -7.3652907e-02  -6.1625298e-01   1.8123049e-01  -3.1788160e-01   4.8488192e-01  -6.6763099e-02   8.3174242e-01  -1.9195043e-01  -9.9999338e-01  -8.0000150e-01
   6.5994585e-02  -8.3577358e-01  -5.5647967e-02  -5.0014879e-01   1.9906744e-01  -1.8834622e-01   5.0133310e-01   5.9055002e-02   8.4771322e-01  -7.5803759e-02  -7.9999742e-01  -7.9998798e-01
   6.5708162e-02  -8.9897946e-01  -5.5649468e-02  -5.6615174e-01   1.9937682e-01  -2.6048613e-01   5.0130735e-01  -1.3277142e-02   8.4788400e-01  -1.4291614e-01  -7.9999842e-01  -7.9999618e-01
   6.5356517e-02  -9.6120978e-01  -5.5678862e-02  -6.3310214e-01   1.9969135e-01  -3.3709166e-01   5.0097609e-01  -8.3856421e-02   8.4757269e-01  -2.0802400e-01  -7.9999986e-01  -8.0000324e-01
   8.2442973e-02  -8.5179866e-01  -3.7459158e-02  -5.1658430e-01   2.1787050e-01  -2.0595596e-01   5.1781624e-01   4.0964457e-02   8.6371406e-01  -9.2837437e-02  -6.0000509e-01  -7.9999742e-01
   8.2135739e-02  -9.1449820e-01  -3.7610200e-02  -5.8275160e-01   2.1840945e-01  -2.7944152e-01   5.1768258e-01  -3.1112374e-02   8.6383828e-01  -1.5917873e-01  -6.0000599e-01  -8.0000030e-01
   8.1787741e-02  -9.7693922e-01  -3.7875168e-02  -6.5008647e-01   2.1837062e-01  -3.5611377e-01   5.1726249e-01  -1.0057643e-01   8.6330084e-01  -2.2417137e-01  -6.0000637e-01  -7.9999876e-01
   9.8574044e-02  -8.6764524e-01  -1.9505066e-02  -5.3299665e-01   2.3714300e-01  -2.2393988e-01   5.3463838e-01   2.2937848e-02   8.7973807e-01  -1.0970484e-01  -4.0001099e-01  -7.9999870e-01
   9.8328815e-02  -9.2993070e-01  -1.9819165e-02  -5.9932464e-01   2.3758497e-01  -2.9854173e-01   5.3424833e-01  -4.8721471e-02   8.7970610e-01  -1.7528341e-01  -4.0001099e-01  -7.9999910e-01
   9.7897571e-02  -9.9274911e-01  -2.0184113e-02  -6.6719310e-01   2.3725864e-01  -3.7495846e-01   5.3382760e-01  -1.1703233e-01   8.7908305e-01  -2.4053201e-01  -4.0000275e-01  -8.0000090e-01
   1.1462208e-01  -8.8334442e-01  -1.7404203e-03  -5.4936072e-01   2.5651569e-01  -2.4224969e-01   5.5154375e-01   5.0017775e-03   8.9576423e-01  -1.2629740e-01  -2.0001710e-01  -8.0000326e-01
   1.1435411e-01  -9.4540418e-01  -2.1560015e-03  -6.1597085e-01   2.5674332e-01  -3.1761148e-01   5.5106767e-01  -6.6032989e-02   8.9553702e-01  -1.9136750e-01  -2.0001936e-01  -7.9999490e-01
   1.3096534e-01  -8.3577100e-01   1.6266880e-02  -4.9999710e-01   2.7608748e-01  -1.8850155e-01   5.6863858e-01   5.8799904e-02   9.1182214e-01  -7.5486012e-02  -2.2839322e-05  -8.0000156e-01
   1.3075637e-01  -8.9894770e-01   1.5747243e-02  -5.6577993e-01   2.7592700e-01  -2.6086245e-01   5.6860511e-01  -1.2778745e-02   9.1177815e-01  -1.4265289e-01  -2.3699297e-05  -7.9999746e-01
   1.3043755e-01  -9.6097163e-01   1.5315785e-02  -6.3276358e-01   2.7585147e-01  -3.3655335e-01   5.6813267e-01  -8.3040921e-02   9.1135592e-01  -2.0739837e-01  -2.3859292e-05  -7.9997662e-01
   1.4723480e-01  -8.5171563e-01   3.3544499e-02  -5.1633285e-01   2.9560284e-01  -2.0609606e-01   5.8604471e-01   4.0911249e-02   9.2785473e-01  -9.2464980e-02   1.9997064e-01  -7.9997380e-01
   1.4698742e-01  -9.1434695e-01   3.3090300e-02  -5.8226007e-01   2.9516280e-01  -2.7961659e-01   5.8582845e-01  -3.0455854e-02   9.2763482e-01  -1.5879233e-01   1.9997224e-01  -7.9997222e-01
   1.4672524e-01  -9.7663370e-01   3.2533116e-02  -6.4976551e-01   2.9492315e-01  -3.5543022e-01   5.8542295e-01  -9.9752775e-02   9.2718534e-01  -2.2354596e-01   1.9997030e-01  -7.9999602e-01
   1.6367460e-01  -8.6754633e-01   5.0527114e-02  -5.3262290e-01   3.1494785e-01  -2.2382338e-01   6.0356928e-01   2.3132658e-02   9.4390406e-01  -1.0923755e-01   3.9996397e-01  -7.9999832e-01
   1.6331481e-01  -9.2964900e-01   5.0047383e-02  -5.9884534e-01   3.1423941e-01  -2.9841386e-01   6.0325260e-01  -4.7928928e-02   9.4360369e-01  -1.7487813e-01   3.9996581e-01  -8.0000028e-01
   1.6302667e-01  -9.9237129e-01   4.9432915e-02  -6.6691397e-01   3.1393540e-01  -3.7429379e-01   6.0280956e-01  -1.1623077e-01   9.4311816e-01  -2.3990875e-01   3.9997339e-01  -8.0000032e-01
   1.8008866e-01  -8.8318394e-01   6.7206572e-02  -5.4892175e-01   3.3401674e-01  -2.4188775e-01   6.2108590e-01   5.4360244e-03   9.6001367e-01  -1.2573378e-01   5.9995833e-01  -7.9999880e-01
   1.7966901e-01  -9.4505640e-01   6.6618922e-02  -6.1555054e-01   3.3308496e-01  -3.1729566e-01   6.2069864e-01  -6.5197536e-02   9.5958650e-01  -1.9095750e-01   5.9995909e-01  -7.9999654e-01
   1.9693483e-01  -8.3557297e-01   8.4075690e-02  -4.9963151e-01   3.5330511e-01  -1.8809134e-01   6.3855168e-01   5.8563471e-02   9.7658821e-01  -7.4843009e-02   7.9995338e-01  -7.9999788e-01
   1.9656108e-01  -8.9863618e-01   8.3546184e-02  -5.6530299e-01   3.5277325e-01  -2.6021043e-01   6.3861605e-01  -1.2198819e-02   9.7613122e-01  -1.4209142e-01   7.9995270e-01  -7.9994998e-01
   1.9614893e-01  -9.6062299e-01   8.2934076e-02  -6.3241065e-01   3.5180241e-01  -3.3623840e-01   6.3829208e-01  -8.2261251e-02   9.7568818e-01  -2.0702999e-01   7.9995302e-01  -7.9995624e-01
   2.1367092e-01  -8.5143200e-01   1.0000423e-01  -5.1585634e-01   3.7206269e-01  -2.0548589e-01   6.5604171e-01   4.0914896e-02   9.9276005e-01  -9.1640683e-02   9.9994858e-01  -7.9999926e-01
   2.1314807e-01  -9.1395754e-01   9.9455196e-02  -5.8177884e-01   3.7124290e-01  -2.7878114e-01   6.5611444e-01  -2.9758356e-02   9.9233267e-01  -1.5827827e-01   9.9994736e-01  -8.0000018e-01
   2.1274965e-01  -9.7634899e-01   9.9054419e-02  -6.4951556e-01   3.7043770e-01  -3.5528411e-01   6.5587779e-01  -9.9067292e-02   9.9186967e-01  -2.2321856e-01   9.9994926e-01  -7.9999616e-01
   4.8684569e-02  -8.6154325e-01  -7.3480195e-02  -5.2917661e-01   1.7915516e-01  -2.2174097e-01   4.8180486e-01   2.2840228e-02   8.2617359e-01  -1.0884686e-01  -9.9999424e-01  -6.0000781e-01
   4.8296235e-02  -9.2372187e-01  -7.3245049e-02  -5.9511133e-01   1.7967630e-01  -2.9593690e-01   4.8157937e-01  -4.8648954e-02   8.2614076e-01  -1.7429713e-01  -9.9999334e-01  -6.0000601e-01
   4.7959823e-02  -9.8602064e-01  -7.3060537e-02  -6.6222865e-01   1.7944480e-01  -3.7248214e-01   4.8126978e-01  -1.1654916e-01   8.2570480e-01  -2.3923871e-01  -9.9999240e-01  -6.0000621e-01
   6.5259755e-02  -8.7726969e-01  -5.5332794e-02  -5.4556599e-01   1.9756109e-01  -2.3984395e-01   4.9789066e-01   4.9241109e-03   8.4198777e-01  -1.2532893e-01  -7.9999918e-01  -6.0000569e-01
   6.4905321e-02  -9.3909580e-01  -5.5336012e-02  -6.1170390e-01   1.9807816e-01  -3.1500965e-01   4.9760124e-01  -6.5940948e-02   8.4187256e-01  -1.9032200e-01  -8.0000118e-01  -6.0000561e-01
   8.1786668e-02  -8.2991210e-01  -3.7240318e-02  -4.9649974e-01   2.1608052e-01  -1.8678152e-01   5.1405928e-01   5.8788747e-02   8.5773351e-01  -7.4985470e-02  -6.0000283e-01  -6.0000539e-01
   8.1536290e-02  -8.9280989e-01  -3.7407237e-02  -5.6200666e-01   2.1636351e-01  -2.5834086e-01   5.1409618e-01  -1.2876364e-02   8.5786589e-01  -1.4167627e-01  -6.0000447e-01  -6.0000329e-01
   8.1214038e-02  -9.5454160e-01  -3.7564501e-02  -6.2837220e-01   2.1673683e-01  -3.3400709e-01   5.1369583e-01  -8.2886231e-02   8.5756359e-01  -2.0627113e-01  -6.0000529e-01  -5.9998581e-01
   9.7829988e-02  -8.4586746e-01  -1.9373333e-02  -5.1282455e-01   2.3504600e-01  -2.0429814e-01   5.3067008e-01   4.0860186e-02   8.7365068e-01  -9.1915949e-02  -4.0001265e-01  -6.0000361e-01
   9.7635822e-02  -9.0827779e-01  -1.9664476e-02  -5.7839776e-01   2.3538263e-01  -2.7711002e-01   5.3052762e-01  -3.0524081e-02   8.7372984e-01  -1.5779768e-01  -4.0001113e-01  -6.0000535e-01
   9.7294475e-02  -9.7011506e-01  -2.0026849e-02  -6.4516944e-01   2.3542103e-01  -3.5285349e-01   5.3006548e-01  -9.9499822e-02   8.7323552e-01  -2.2226768e-01  -4.0001115e-01  -6.0000407e-01
   1.1374758e-01  -8.6165096e-01  -1.7702426e-03  -5.2906461e-01   2.5428653e-01  -2.2210935e-01   5.4748492e-01   2.3003070e-02   8.8960303e-01  -1.0866471e-01  -2.0001730e-01  -6.0000495e-01
   1.1358217e-01  -9.2358950e-01  -2.1160954e-03  -5.9483735e-01   2.5449571e-01  -2.9599547e-01   5.4716975e-01  -4.8009169e-02   8.8952622e-01  -1.7383542e-01  -2.0001692e-01  -6.0000621e-01
   1.1315500e-01  -9.8574709e-01  -2.5953975e-03  -6.6213404e-01   2.5428567e-01  -3.7153276e-01   5.4671876e-01  -1.1591345e-01   8.8891304e-01  -2.3850538e-01  -2.0001590e-01  -5.9998163e-01
   1.2982244e-01  -8.7729264e-01   1.5639754e-02  -5.4529588e-01   2.7358648e-01  -2.4021276e-01   5.6445831e-01   5.2560179e-03   9.0544510e-01  -1.2512790e-01  -2.3939289e-05  -6.0000961e-01
   1.2958043e-01  -9.3886688e-01   1.5193492e-02  -6.1133058e-01   2.7358348e-01  -3.1483479e-01   5.6401870e-01  -6.5168787e-02   9.0520931e-01  -1.8975452e-01  -2.3239310e-05  -6.0000399e-01
   1.4617986e-01  -8.2982049e-01   3.3414697e-02  -4.9630472e-01   2.9311751e-01  -1.8685039e-01   5.8159647e-01   5.8514554e-02   9.2143779e-01  -7.4643264e-02   1.9998396e-01  -6.0000481e-01
   1.4598462e-01  -8.9277942e-01   3.2860089e-02  -5.6158979e-01   2.9280384e-01  -2.5855240e-01   5.8155227e-01  -1.2335058e-02   9.2133116e-01  -1.4136710e-01   1.9997080e-01  -6.0000453e-01
   1.4566151e-01  -9.5428221e-01   3.2338091e-02  -6.2799717e-01   2.9249939e-01  -3.3360288e-01   5.8116351e-01  -8.2070946e-02   9.2095119e-01  -2.0567791e-01   1.9997066e-01  -6.0000519e-01
   1.6245725e-01  -8.4572371e-01   5.0238546e-02  -5.1251925e-01   3.1238807e-01  -2.0424901e-01   5.9896892e-01   4.0808051e-02   9.3739121e-01  -9.1496292e-02   3.9997797e-01  -5.9995325e-01
   1.6219314e-01  -9.0810551e-01   4.9713974e-02  -5.7792061e-01   3.1181887e-01  -2.7710701e-01   5.9874794e-01  -2.9857906e-02   9.3717816e-01  -1.5741235e-01   3.9996567e-01  -6.0000477e-01
   1.6188806e-01  -9.6978144e-01   4.9154216e-02  -6.4482273e-01   3.1136789e-01  -3.5236324e-01   5.9837462e-01  -9.8675311e-02   9.3669200e-01  -2.2169548e-01   3.9997897e-01  -6.0000521e-01
   1.7881832e-01  -8.6145701e-01   6.6767819e-02  -5.2865225e-01   3.3142113e-01  -2.2177958e-01   6.1643298e-01   2.3209466e-02   9.5339420e-01  -1.0812662e-01   5.9995847e-01  -6.0001153e-01
   1.7838965e-01  -9.2328698e-01   6.6245178e-02  -5.9435483e-01   3.3055028e-01  -2.9570325e-01   6.1611781e-01  -4.7214480e-02   9.5303761e-01  -1.7343486e-01   5.9995829e-01  -6.0000447e-01
   1.7810366e-01  -9.8539609e-01   6.5646587e-02  -6.6186435e-01   3.3020936e-01  -3.7112168e-01   6.1576295e-01  -1.1510675e-01   9.5261324e-01  -2.3795743e-01   5.9995943e-01  -6.0000577e-01
   1.9521865e-01  -8.7703282e-01   8.3001659e-02  -5.4483116e-01   3.5019416e-01  -2.3960623e-01   6.3380779e-01   5.6342676e-03   9.6938130e-01  -1.2452180e-01   7.9995432e-01  -6.0000401e-01
   1.9477003e-01  -9.3853325e-01   8.2420660e-02  -6.1091693e-01   3.4914179e-01  -3.1441599e-01   6.3351429e-01  -6.4350497e-02   9.6899082e-01  -1.8936125e-01   7.9995300e-01  -6.0000423e-01
   2.1215106e-01  -8.2961538e-01   9.9332903e-02  -4.9594020e-01   3.6907617e-01  -1.8639147e-01   6.5110494e-01   5.8347635e-02   9.8585265e-01  -7.3943191e-02   9.9997692e-01  -6.0000267e-01
   2.1166833e-01  -8.9238701e-01   9.8894794e-02  -5.6107873e-01   3.6857735e-01  -2.5773304e-01   6.5118711e-01  -1.1848890e-02   9.8543921e-01  -1.4075649e-01   9.9997614e-01  -6.0000779e-01
   2.1124502e-01  -9.5395696e-01   9.8343618e-02  -6.2764016e-01   3.6752219e-01  -3.3324308e-01   6.5094338e-01  -8.1351134e-02   9.8502106e-01  -2.0535780e-01   9.9994748e-01  -5.9994355e-01
   4.8330778e-02  -8.3986374e-01  -7.3145499e-02  -5.0916993e-01   1.7768529e-01  -2.0239939e-01   4.7841520e-01   4.0740683e-02   8.2050049e-01  -9.1259859e-02  -9.9997746e-01  -4.0001095e-01
   4.8006165e-02  -9.0216765e-01  -7.2910568e-02  -5.7433549e-01   1.7808864e-01  -2.7453994e-01   4.7831909e-01  -3.0541030e-02   8.2050092e-01  -1.5680926e-01  -9.9999292e-01  -4.0001243e-01
   4.7660742e-02  -9.6361058e-01  -7.2684433e-02  -6.4049464e-01   1.7815880e-01  -3.5044368e-01   4.7802129e-01  -9.9145817e-02   8.2022007e-01  -2.2107930e-01  -9.9999316e-01  -4.0001405e-01
   6.4767580e-02  -8.5565324e-01  -5.5068256e-02  -5.2536450e-01   1.9580051e-01  -2.1994970e-01   4.9442506e-01   2.2906094e-02   8.3624022e-01  -1.0782539e-01  -7.9997948e-01  -4.0001263e-01
   6.4437175e-02  -9.1746348e-01  -5.5038648e-02  -5.9077401e-01   1.9638837e-01  -2.9332519e-01   4.9422531e-01  -4.7965616e-02   8.3624987e-01  -1.7284378e-01  -7.9999942e-01  -4.0001599e-01
   6.4109344e-02  -9.7915829e-01  -5.5083918e-02  -6.5731012e-01   1.9612684e-01  -3.6915384e-01   4.9383269e-01  -1.1546204e-01   8.3573217e-01  -2.3727795e-01  -7.9999940e-01  -4.0001133e-01
   8.0914956e-02  -8.7126661e-01  -3.7150208e-02  -5.4161615e-01   2.1435598e-01  -2.3791023e-01   5.1049884e-01   5.1393034e-03   8.5197845e-01  -1.2422272e-01  -6.0000349e-01  -4.0001483e-01
   8.0696331e-02  -9.3270139e-01  -3.7342229e-02  -6.0719537e-01   2.1491960e-01  -3.1220635e-01   5.1018624e-01  -6.5121586e-02   8.5186324e-01  -1.8875000e-01  -6.0000609e-01  -4.0001347e-01
   9.7077780e-02  -8.2407015e-01  -1.9250182e-02  -4.9290712e-01   2.3307129e-01  -1.8525994e-01   5.2678868e-01   5.8510048e-02   8.6763022e-01  -7.4187133e-02  -4.0001249e-01  -4.0000871e-01
   9.6884257e-02  -8.8673408e-01  -1.9565354e-02  -5.5786286e-01   2.3325194e-01  -2.5625136e-01   5.2675843e-01  -1.2481165e-02   8.6775509e-01  -1.4045870e-01  -4.0001147e-01  -4.0001301e-01
   9.6640315e-02  -9.4799700e-01  -1.9862933e-02  -6.2366607e-01   2.3362826e-01  -3.3104310e-01   5.2637503e-01  -8.1947795e-02   8.6743133e-01  -2.0455946e-01  -4.0001041e-01  -4.0001105e-01
   1.1294732e-01  -8.3997745e-01  -1.6861395e-03  -5.0907188e-01   2.5213374e-01  -2.0264569e-01   5.4354838e-01   4.0752268e-02   8.8343775e-01  -9.1039946e-02  -2.0001840e-01  -4.0001161e-01
   1.1276431e-01  -9.0212067e-01  -2.0965714e-03  -5.7409799e-01   2.5224895e-01  -2.7483022e-01   5.4335593e-01  -3.0005516e-02   8.8349632e-01  -1.5646362e-01  -1.9999912e-01  -4.0001115e-01
   1.1243283e-01  -9.6339239e-01  -2.5198763e-03  -6.4030734e-01   2.5232576e-01  -3.4969040e-01   5.4283350e-01  -9.8462479e-02   8.8294600e-01  -2.2042106e-01  -2.0001546e-01  -4.0001171e-01
   1.2883573e-01  -8.5569143e-01   1.5496864e-02  -5.2518235e-01   2.7135453e-01  -2.2027474e-01   5.6038660e-01   2.3089963e-02   8.9921696e-01  -1.0762822e-01  -7.1797869e-06  -4.0001667e-01
   1.2868662e-01  -9.1732789e-01   1.5143717e-02  -5.9037838e-01   2.7126034e-01  -2.9346958e-01   5.6005212e-01  -4.7286354e-02   8.9918757e-01  -1.7237134e-01  -2.3879291e-05  -4.0001379e-01
   1.2835300e-01  -9.7886994e-01   1.4657549e-02  -6.5709836e-01   2.7109814e-01  -3.6823299e-01   5.5957003e-01  -1.1476476e-01   8.9855915e-01  -2.3651480e-01  -7.7997685e-06  -4.0001099e-01
   1.4491595e-01  -8.7125095e-01   3.2613787e-02  -5.4130827e-01   2.9045517e-01  -2.3811083e-01   5.7734347e-01   5.4971709e-03   9.1506118e-01  -1.2401310e-01   1.9996956e-01  -4.0001019e-01
   1.4467008e-01  -9.3245294e-01   3.2143925e-02  -6.0676541e-01   2.9014365e-01  -3.1209114e-01   5.7692252e-01  -6.4342988e-02   9.1482260e-01  -1.8819754e-01   1.9997026e-01  -4.0000633e-01
   1.6128174e-01  -8.2394872e-01   4.9922945e-02  -4.9266597e-01   3.0977637e-01  -1.8522926e-01   5.9442950e-01   5.8237571e-02   9.3095882e-01  -7.3800302e-02   3.9996653e-01  -4.0001229e-01
   1.6110367e-01  -8.8666499e-01   4.9424119e-02  -5.5744428e-01   3.0940971e-01  -2.5625565e-01   5.9444666e-01  -1.1926127e-02   9.3081336e-01  -1.4013881e-01   3.9996431e-01  -4.0001317e-01
   1.6074494e-01  -9.4770028e-01   4.8902336e-02  -6.2328503e-01   3.0885102e-01  -3.3070454e-01   5.9400984e-01  -8.1132080e-02   9.3045914e-01  -2.0400485e-01   3.9996583e-01  -4.0001163e-01
   1.7749026e-01  -8.3978242e-01   6.6400941e-02  -5.0872216e-01   3.2872919e-01  -2.0242663e-01   6.1174316e-01   4.0700777e-02   9.4682407e-01  -9.0537687e-02   5.9995981e-01  -4.0000981e-01
   1.7719633e-01  -9.0190762e-01   6.5804924e-02  -5.7362019e-01   3.2810893e-01  -2.7458971e-01   6.1159813e-01  -2.9282272e-02   9.4656017e-01  -1.5607657e-01   5.9996103e-01  -3.9995641e-01
   1.7685284e-01  -9.6303881e-01   6.5240875e-02  -6.3996706e-01   3.2752578e-01  -3.4931687e-01   6.1121687e-01  -9.7647622e-02   9.4615596e-01  -2.1992202e-01   5.9996097e-01  -4.0001297e-01
   1.9382215e-01  -8.5544814e-01   8.2456919e-02  -5.2475883e-01   3.4746037e-01  -2.1975832e-01   6.2908708e-01   2.3249802e-02   9.6278478e-01  -1.0704765e-01   7.9995374e-01  -4.0001641e-01
   1.9342567e-01  -9.1699791e-01   8.1934922e-02  -5.8992504e-01   3.4654275e-01  -2.9298213e-01   6.2886394e-01  -4.6495312e-02   9.6234796e-01  -1.7195855e-01   7.9995298e-01  -4.0000899e-01
   1.9315555e-01  -9.7855198e-01   8.1391255e-02  -6.5687115e-01   3.4604414e-01  -3.6800514e-01   6.2853826e-01  -1.1400097e-01   9.6190942e-01  -2.3605695e-01   7.9998174e-01  -4.0001537e-01
   2.1025209e-01  -8.7091389e-01   9.8239777e-02  -5.4078778e-01   3.6580623e-01  -2.3737814e-01   6.4632693e-01   5.8376599e-03   9.7867063e-01  -1.2330445e-01   9.9994676e-01  -4.0001655e-01
   2.0974189e-01  -9.3213262e-01   9.7687743e-02  -6.0637365e-01   3.6473349e-01  -3.1153138e-01   6.4611045e-01  -6.3569754e-02   9.7820441e-01  -1.8784825e-01   9.9994728e-01  -4.0001441e-01
   4.7920346e-02  -8.1821061e-01  -7.2788704e-02  -4.8937479e-01   1.7629287e-01  -1.8364953e-01   4.7509871e-01   5.8377672e-02   8.1498551e-01  -7.3707831e-02  -9.9999214e-01  -2.0002000e-01
   4.7637570e-02  -8.8070719e-01  -7.2544118e-02  -5.5395099e-01   1.7645614e-01  -2.5381581e-01   4.7509828e-01  -1.2508413e-02   8.1496513e-01  -1.3948894e-01  -9.9999436e-01  -2.0001998e-01
   4.7282277e-02  -9.4173153e-01  -7.2348664e-02  -6.1930837e-01   1.7678054e-01  -3.2856892e-01   4.7480285e-01  -8.1707500e-02   8.1480679e-01  -2.0343759e-01  -9.9999600e-01  -2.0001824e-01
   6.4279911e-02  -8.3409259e-01  -5.4754585e-02  -5.0553032e-01   1.9416629e-01  -2.0078426e-01   4.9105835e-01   4.0665376e-02   8.3050554e-01  -9.0343092e-02  -7.9999946e-01  -2.0001822e-01
   6.3973535e-02  -8.9606009e-01  -5.4761880e-02  -5.7021873e-01   1.9461534e-01  -2.7219191e-01   4.9093070e-01  -3.0007447e-02   8.3059287e-01  -1.5549085e-01  -7.9999914e-01  -2.0001946e-01
   6.3657719e-02  -9.5700570e-01  -5.4803073e-02  -6.3580503e-01   1.9472755e-01  -3.4731083e-01   4.9057777e-01  -9.8170478e-02   8.3021719e-01  -2.1927408e-01  -7.9999950e-01  -2.0001846e-01
   8.0354984e-02  -8.4979821e-01  -3.6965696e-02  -5.2160711e-01   2.1246537e-01  -2.1821700e-01   5.0698646e-01   2.3013154e-02   8.4617448e-01  -1.0680092e-01  -6.0000611e-01  -1.9999184e-01
   8.0100100e-02  -9.1127182e-01  -3.7136906e-02  -5.8647574e-01   2.1301419e-01  -2.9080381e-01   5.0680281e-01  -4.7274339e-02   8.4619121e-01  -1.7140330e-01  -6.0000519e-01  -2.0001766e-01
   7.9775702e-02  -9.7238670e-01  -3.7376986e-02  -6.5245574e-01   2.1280715e-01  -3.6585000e-01   5.0637779e-01  -1.1436398e-01   8.4566042e-01  -2.3532212e-01  -6.0000353e-01  -2.0001698e-01
   9.6184184e-02  -8.6534249e-01  -1.9439628e-02  -5.3768519e-01   2.3113220e-01  -2.3601748e-01   5.2312633e-01   5.3669397e-03   8.6184319e-01  -1.2313281e-01  -4.0001209e-01  -2.0001824e-01
   9.5999887e-02  -9.2642626e-01  -1.9744502e-02  -6.0272438e-01   2.3162630e-01  -3.0952363e-01   5.2277404e-01  -6.4282700e-02   8.6170524e-01  -1.8714668e-01  -4.0001201e-01  -2.0001612e-01
   1.1212238e-01  -8.1825287e-01  -1.6363641e-03  -4.8931600e-01   2.5002473e-01  -1.8379092e-01   5.3955669e-01   5.8241004e-02   8.7743811e-01  -7.3392659e-02  -2.0001574e-01  -2.0002072e-01
   1.1190053e-01  -8.8074409e-01  -2.1439867e-03  -5.5376240e-01   2.5005305e-01  -2.5419620e-01   5.3953503e-01  -1.2066657e-02   8.7750955e-01  -1.3922633e-01  -2.0001466e-01  -2.0001922e-01
   1.1165208e-01  -9.4154380e-01  -2.4979924e-03  -6.1904040e-01   2.5029978e-01  -3.2814046e-01   5.3906538e-01  -8.1003351e-02   8.7716263e-01  -2.0285015e-01  -2.0001804e-01  -2.0001600e-01
   1.2794428e-01  -8.3407928e-01   1.5488711e-02  -5.0536705e-01   2.6908482e-01  -2.0100911e-01   5.5625804e-01   4.0637056e-02   8.9312806e-01  -9.0139270e-02  -4.0398801e-06  -2.0001610e-01
   1.2775290e-01  -8.9604679e-01   1.5025715e-02  -5.6988039e-01   2.6900973e-01  -2.7250430e-01   5.5605829e-01  -2.9442111e-02   8.9316990e-01  -1.5515508e-01  -2.3519302e-05  -2.0001726e-01
   1.2747013e-01  -9.5679565e-01   1.4601337e-02  -6.3551582e-01   2.6895673e-01  -3.4662792e-01   5.5563906e-01  -9.7435433e-02   8.9265198e-01  -2.1861048e-01  -2.2599329e-05  -2.0001882e-01
   1.4390672e-01  -8.4973985e-01   3.2392158e-02  -5.2137647e-01   2.8805973e-01  -2.1840044e-01   5.7317564e-01   2.3163982e-02   9.0881931e-01  -1.0657929e-01   1.9997042e-01  -2.0001682e-01
   1.4369345e-01  -9.1115296e-01   3.2004468e-02  -5.8602648e-01   2.8777739e-01  -2.9092139e-01   5.7279568e-01  -4.6593576e-02   9.0867857e-01  -1.7094352e-01   1.9997148e-01  -2.0001712e-01
   1.4336841e-01  -9.7210779e-01   3.1465950e-02  -6.5214807e-01   2.8755061e-01  -3.6506797e-01   5.7235650e-01  -1.1361456e-01   9.0807375e-01  -2.3454116e-01   1.9997242e-01  -2.0001976e-01
   1.5991120e-01  -8.6524186e-01   4.9083844e-02  -5.3734727e-01   3.0700504e-01  -2.3602155e-01   5.9007201e-01   5.7520549e-03   9.2444748e-01  -1.2285990e-01   3.9996317e-01  -2.0002158e-01
   1.5963315e-01  -9.2614992e-01   4.8591240e-02  -6.0228799e-01   3.0644850e-01  -3.0936186e-01   5.8974675e-01  -6.3534997e-02   9.2422778e-01  -1.8666695e-01   3.9996655e-01  -2.0001670e-01
   1.7618130e-01  -8.1815675e-01   6.5988578e-02  -4.8906112e-01   3.2607908e-01  -1.8363494e-01   6.0714259e-01   5.7980756e-02   9.4037215e-01  -7.2961201e-02   5.9995905e-01  -2.0001888e-01
   1.7601417e-01  -8.8060270e-01   6.5410798e-02  -5.5335540e-01   3.2568860e-01  -2.5392630e-01   6.0714023e-01  -1.1519772e-02   9.4017584e-01  -1.3890215e-01   5.9995883e-01  -2.0001544e-01
   1.7563334e-01  -9.4120353e-01   6.4885797e-02  -6.1866708e-01   3.2495699e-01  -3.2781263e-01   6.0674396e-01  -8.0200509e-02   9.3976283e-01  -2.0235261e-01   5.9995939e-01  -2.0001430e-01
   1.9245118e-01  -8.3390636e-01   8.1954017e-02  -5.0498494e-01   3.4464142e-01  -2.0063601e-01   6.2435885e-01   4.0630619e-02   9.5620543e-01  -8.9550548e-02   7.9995420e-01  -2.0001528e-01
   1.9214760e-01  -8.9576809e-01   8.1417001e-02  -5.6940194e-01   3.4399112e-01  -2.7202285e-01   6.2423355e-01  -2.8730881e-02   9.5582332e-01  -1.5474851e-01   7.9995200e-01  -1.9997132e-01
   1.9174060e-01  -9.5643800e-01   8.0875694e-02  -6.3518219e-01   3.4329319e-01  -3.4633356e-01   6.2389199e-01  -9.6641173e-02   9.5546717e-01  -2.1816529e-01   7.9995410e-01  -2.0002028e-01
   2.0882040e-01  -8.4946415e-01   9.7636251e-02  -5.2089674e-01   3.6301989e-01  -2.1776752e-01   6.4151139e-01   2.3326181e-02   9.7199494e-01  -1.0593457e-01   9.9994642e-01  -2.0001706e-01
   2.0831321e-01  -9.1076913e-01   9.7095588e-02  -5.8557335e-01   3.6213487e-01  -2.9025886e-01   6.4137257e-01  -4.5827207e-02   9.7155597e-01  -1.7055068e-01   9.9994514e-01  -1.9996153e-01
   2.0793925e-01  -9.7180163e-01   9.6666275e-02  -6.5193975e-01   3.6152191e-01  -3.6490641e-01   6.4108872e-01  -1.1291535e-01   9.7118373e-01  -2.3415884e-01   9.9994788e-01  -2.0001532e-01
   4.7311242e-02  -8.5938575e-01  -7.2184534e-02  -5.3392650e-01   1.7491525e-01  -2.3376900e-01   4.7189592e-01   5.2890585e-03   8.0952481e-01  -1.2231023e-01  -9.9999374e-01  -2.2559330e-05
   4.6973971e-02  -9.2034273e-01  -7.1998306e-02  -5.9856879e-01   1.7535336e-01  -3.0701448e-01   4.7160671e-01  -6.4143672e-02   8.0943320e-01  -1.8610097e-01  -9.9999254e-01  -2.3179312e-05
   6.3773575e-02  -8.1257140e-01  -5.4472024e-02  -4.8585833e-01   1.9260695e-01  -1.8217258e-01   4.8761356e-01   5.8133730e-02   8.2494658e-01  -7.2901557e-02  -7.9999902e-01  -2.5819234e-05
   6.3553234e-02  -8.7479143e-01  -5.4474813e-02  -5.5000866e-01   1.9281806e-01  -2.5171087e-01   4.8763587e-01  -1.2127803e-02   8.2498949e-01  -1.3828832e-01  -7.9999720e-01  -2.3419305e-05
   6.3221756e-02  -9.3540320e-01  -5.4504850e-02  -6.1483631e-01   1.9323557e-01  -3.2566092e-01   4.8729066e-01  -8.0824631e-02   8.2479254e-01  -2.0181002e-01  -7.9999888e-01  -2.5119254e-05
   7.9774415e-02  -8.2836864e-01  -3.6771958e-02  -5.0192590e-01   2.1067175e-01  -1.9920454e-01   5.0345971e-01   4.0579127e-02   8.4039024e-01  -8.9450568e-02  -6.0000779e-01  -2.4839263e-05
   7.9526825e-02  -8.9005122e-01  -3.6955183e-02  -5.6612707e-01   2.1105665e-01  -2.6992885e-01   5.0333913e-01  -2.9474293e-02   8.4053978e-01  -1.5418661e-01  -5.9997399e-01  -2.5319249e-05
   7.9210795e-02  -9.5052696e-01  -3.7156430e-02  -6.3117034e-01   2.1125425e-01  -3.4422412e-01   5.0297418e-01  -9.7163600e-02   8.4014801e-01  -2.1749998e-01  -5.9997331e-01  -2.3419305e-05
   9.5506639e-02  -8.4402534e-01  -1.9347158e-02  -5.1789949e-01   2.2918796e-01  -2.1651091e-01   5.1950903e-01   2.3055206e-02   8.5596391e-01  -1.0584940e-01  -4.0000953e-01  -2.2699326e-05
   9.5270850e-02  -9.0520545e-01  -1.9636370e-02  -5.8219914e-01   2.2962778e-01  -2.8838671e-01   5.1923892e-01  -4.6582419e-02   8.5598515e-01  -1.6996432e-01  -4.0001327e-01   2.5199252e-06
   9.4920491e-02  -9.6575028e-01  -1.9951971e-02  -6.4762345e-01   2.2950871e-01  -3.6258414e-01   5.1888513e-01  -1.1324618e-01   8.5547796e-01  -2.3337981e-01  -4.0001175e-01  -2.1079374e-05
   1.1108396e-01  -8.5947929e-01  -2.1206009e-03  -5.3383232e-01   2.4792215e-01  -2.3414940e-01   5.3575961e-01   5.5999398e-03   8.7157213e-01  -1.2204719e-01  -2.0001852e-01  -2.0739384e-05
   1.1086490e-01  -9.2022988e-01  -2.4340568e-03  -5.9830811e-01   2.4822531e-01  -3.0689648e-01   5.3536934e-01  -6.3497666e-02   8.7142430e-01  -1.8562875e-01  -2.0001762e-01  -2.3939289e-05
   1.2699533e-01  -8.1249417e-01   1.5441725e-02  -4.8577445e-01   2.6682862e-01  -1.8228972e-01   5.5216723e-01   5.7972603e-02   8.8708294e-01  -7.2610628e-02  -2.3139313e-05  -2.4599270e-06
   1.2680138e-01  -8.7482769e-01   1.4908142e-02  -5.4976042e-01   2.6669517e-01  -2.5207045e-01   5.5220285e-01  -1.1693771e-02   8.8714644e-01  -1.3805640e-01  -2.4599270e-05  -2.3459304e-05
   1.2656774e-01  -9.3519294e-01   1.4486124e-02  -6.1450397e-01   2.6683163e-01  -3.2531099e-01   5.5175058e-01  -8.0091947e-02   8.8677527e-01  -2.0120199e-01  -2.4479273e-05  -2.4039287e-05
   1.4286916e-01  -8.2826608e-01   3.2223093e-02  -5.0171049e-01   2.8573317e-01  -1.9933498e-01   5.6889239e-01   4.0526992e-02   9.0267592e-01  -8.9226365e-02   1.9997124e-01  -2.0859381e-05
   1.4266941e-01  -8.9002655e-01   3.1769108e-02  -5.6573981e-01   2.8548837e-01  -2.7017344e-01   5.6874414e-01  -2.8906811e-02   9.0268471e-01  -1.5384440e-01   1.9996948e-01  -2.3599300e-05
   1.4236561e-01  -9.5026886e-01   3.1270496e-02  -6.3082063e-01   2.8531394e-01  -3.4368131e-01   5.6832920e-01  -9.6385646e-02   9.0216486e-01  -2.1682115e-01   1.9999904e-01  -2.5139254e-05
   1.5877345e-01  -8.4386808e-01   4.8728551e-02  -5.1759419e-01   3.0457163e-01  -2.1650233e-01   5.8585634e-01   2.3213114e-02   9.1829765e-01  -1.0558722e-01   3.9996419e-01  -2.7819174e-05
   1.5854152e-01  -9.0506921e-01   4.8320265e-02  -5.8173550e-01   3.0405414e-01  -2.8841503e-01   5.8550362e-01  -4.5898008e-02   9.1812515e-01  -1.6951634e-01   3.9996497e-01  -1.0979674e-05
   1.5824716e-01  -9.6544519e-01   4.7741197e-02  -6.4730978e-01   3.0374669e-01  -3.6194950e-01   5.8507002e-01  -1.1248496e-01   9.1759843e-01  -2.3266923e-01   3.9996417e-01  -2.4019287e-05
   1.7476270e-01  -8.5930487e-01   6.5025897e-02  -5.3344119e-01   3.2317151e-01  -2.3390631e-01   6.0271881e-01   5.9805494e-03   9.3384364e-01  -1.2172730e-01   5.9995887e-01  -2.3939289e-05
   1.7442114e-01  -9.1994796e-01   6.4528787e-02  -5.9788009e-01   3.2243475e-01  -3.0664117e-01   6.0234206e-01  -6.2731726e-02   9.3357181e-01  -1.8516682e-01   5.9995761e-01  -2.5179253e-05
   1.9106756e-01  -8.1241907e-01   8.1427299e-02  -4.8550390e-01   3.4187417e-01  -1.8199536e-01   6.1965465e-01   5.7700555e-02   9.4971554e-01  -7.2165439e-02   7.9995496e-01  -2.3279309e-05
   1.9083713e-01  -8.7460220e-01   8.0933408e-02  -5.4929743e-01   3.4152960e-01  -2.5160230e-01   6.1972502e-01  -1.1129293e-02   9.4937999e-01  -1.3766892e-01   7.9995468e-01  -2.2079345e-05
   1.9037671e-01  -9.3487005e-01   8.0391243e-02  -6.1410448e-01   3.4061240e-01  -3.2497630e-01   6.1932381e-01  -7.9300905e-02   9.4906589e-01  -2.0075423e-01   7.9995218e-01  -2.6519213e-05
   2.0737821e-01  -8.2807578e-01   9.6956560e-02  -5.0134039e-01   3.6018162e-01  -1.9886577e-01   6.3674046e-01   4.0545443e-02   9.6544090e-01  -8.8596235e-02   9.9994692e-01  -2.2999317e-05
   2.0696713e-01  -8.8967640e-01   9.6527677e-02  -5.6523884e-01   3.5955814e-01  -2.6948538e-01   6.3672308e-01  -2.8213389e-02   9.6501888e-01  -1.5343311e-01   9.9994574e-01  -2.4079285e-05
   2.0646788e-01  -9.4995433e-01   9.6014261e-02  -6.3049280e-01   3.5870037e-01  -3.4340948e-01   6.3637337e-01  -9.5655750e-02   9.6460051e-01  -2.1645534e-01   9.9994540e-01  -2.3399306e-05
   4.6957450e-02  -8.3814262e-01  -7.1811005e-02  -5.1429936e-01   1.7342242e-01  -2.1450101e-01   4.6866289e-01   2.2950506e-02   8.0417182e-01  -1.0512572e-01  -9.9996436e-01   1.9996870e-01
   4.6636271e-02  -8.9921889e-01  -7.1629282e-02  -5.7818750e-01   1.7385752e-01  -2.8591124e-01   4.6849146e-01  -4.6485443e-02   8.0405725e-01  -1.6890016e-01  -9.9999544e-01   1.9997002e-01
   4.6274756e-02  -9.5941873e-01  -7.1408297e-02  -6.4301945e-01   1.7382083e-01  -3.6016682e-01   4.6827327e-01  -1.1270209e-01   8.0383498e-01  -2.3202064e-01  -9.9996706e-01   1.9997050e-01
   6.3063419e-02  -8.5360645e-01  -5.4191394e-02  -5.3016739e-01   1.9111948e-01  -2.3190200e-01   4.8437366e-01   5.5149784e-03   8.1946293e-01  -1.2119929e-01  -7.9999926e-01   1.9997252e-01
   6.2778927e-02  -9.1422144e-01  -5.4169081e-02  -5.9430248e-01   1.9160715e-01  -3.0435064e-01   4.8409002e-01  -6.3373656e-02   8.1936810e-01  -1.8460663e-01  -7.9999878e-01   1.9997476e-01
   7.9188267e-02  -8.0692920e-01  -3.6610832e-02  -4.8240345e-01   2.0897917e-01  -1.8071643e-01   5.0002328e-01   5.7902446e-02   8.3476412e-01  -7.2104293e-02  -6.0000337e-01   1.9997116e-01
   7.8994315e-02  -8.6893790e-01  -3.6718964e-02  -5.4611481e-01   2.0916390e-01  -2.4968274e-01   4.9998959e-01  -1.1736037e-02   8.3488084e-01  -1.3710251e-01  -6.0000707e-01   1.9996768e-01
   7.8728704e-02  -9.2918536e-01  -3.6922142e-02  -6.1039300e-01   2.0965414e-01  -3.2283467e-01   4.9969867e-01  -7.9897566e-02   8.3471049e-01  -2.0015306e-01  -6.0000605e-01   1.9997388e-01
   9.4773955e-02  -8.2264876e-01  -1.9205770e-02  -4.9835344e-01   2.2730164e-01  -1.9761816e-01   5.1586771e-01   4.0483653e-02   8.5019319e-01  -8.8570703e-02  -4.0000877e-01   1.9997012e-01
   9.4547176e-02  -8.8411165e-01  -1.9548834e-02  -5.6203670e-01   2.2756961e-01  -2.6776534e-01   5.1572911e-01  -2.8933201e-02   8.5034252e-01  -1.5290275e-01  -4.0001169e-01   1.9996918e-01
   9.4288430e-02  -9.4415014e-01  -1.9827318e-02  -6.2656484e-01   2.2776442e-01  -3.4117710e-01   5.1537875e-01  -9.6184399e-02   8.4992500e-01  -2.1575441e-01  -4.0001273e-01   1.9997428e-01
   1.1035943e-01  -8.3823810e-01  -2.1341175e-03  -5.1422749e-01   2.4581828e-01  -2.1479087e-01   5.3198784e-01   2.3112061e-02   8.6566753e-01  -1.0488049e-01  -2.0001752e-01   1.9996772e-01
   1.1018564e-01  -8.9920323e-01  -2.4357732e-03  -5.7794442e-01   2.4611178e-01  -2.8604598e-01   5.3174025e-01  -4.5899081e-02   8.6567868e-01  -1.6853435e-01  -2.0001494e-01   1.9996898e-01
   1.0983528e-01  -9.5921276e-01  -2.8496379e-03  -6.4284009e-01   2.4600000e-01  -3.5937599e-01   5.3130171e-01  -1.1213997e-01   8.6512493e-01  -2.3145788e-01  -2.0001734e-01   1.9997038e-01
   1.2591164e-01  -8.5365000e-01   1.4813311e-02  -5.3000755e-01   2.6453638e-01  -2.3225279e-01   5.4830514e-01   5.8329398e-03   8.8117447e-01  -1.2097359e-01  -2.3679297e-05   1.9996794e-01
   1.2571748e-01  -9.1411738e-01   1.4407599e-02  -5.9393367e-01   2.6459946e-01  -3.0431202e-01   5.4791809e-01  -6.2704264e-02   8.8105261e-01  -1.8409644e-01  -2.3399306e-05   1.9996920e-01
   1.4183267e-01  -8.0680776e-01   3.2059178e-02  -4.8229575e-01   2.8339308e-01  -1.8076449e-01   5.6477498e-01   5.7685966e-02   8.9665546e-01  -7.1851125e-02   1.9997174e-01   1.9996982e-01
   1.4168099e-01  -8.6891129e-01   3.1500063e-02  -5.4579663e-01   2.8321865e-01  -2.4996101e-01   5.6476254e-01  -1.1289775e-02   8.9668550e-01  -1.3685364e-01   1.9997018e-01   1.9996888e-01
   1.4140336e-01  -9.2893970e-01   3.1063671e-02  -6.1000789e-01   2.8303929e-01  -3.2255533e-01   5.6433172e-01  -7.9184405e-02   8.9627936e-01  -1.9957850e-01   1.9997028e-01   1.9997224e-01
   1.5764192e-01  -8.2252733e-01   4.8493406e-02  -4.9809813e-01   3.0211376e-01  -1.9763254e-01   5.8154112e-01   4.0456835e-02   9.1214568e-01  -8.8314961e-02   3.9996457e-01   1.9996898e-01
   1.5740978e-01  -8.8405672e-01   4.7975270e-02  -5.6162111e-01   3.0170633e-01  -2.6786725e-01   5.8133815e-01  -2.8364217e-02   9.1204419e-01  -1.5256870e-01   3.9996585e-01   1.9997248e-01
   1.5712250e-01  -9.4384141e-01   4.7486313e-02  -6.2620783e-01   3.0135275e-01  -3.4074778e-01   5.8091764e-01  -9.5392070e-02   9.1152155e-01  -2.1508051e-01   3.9999797e-01   1.9996982e-01
   1.7354342e-01  -8.3806839e-01   6.4623403e-02  -5.1385439e-01   3.2064220e-01  -2.1461794e-01   5.9835660e-01   2.3304512e-02   9.2757925e-01  -1.0456146e-01   5.9999299e-01   1.9997584e-01
   1.7327996e-01  -8.9902794e-01   6.4107199e-02  -5.7751597e-01   3.1998074e-01  -2.8587992e-01   5.9806245e-01  -4.5213597e-02   9.2739559e-01  -1.6812091e-01   5.9995825e-01   1.9997352e-01
   1.7291308e-01  -9.5887485e-01   6.3545295e-02  -6.4253714e-01   3.1961451e-01  -3.5893595e-01   5.9769536e-01  -1.1135408e-01   9.2686480e-01  -2.3078720e-01   5.9995881e-01   1.9999930e-01
   1.8952903e-01  -8.5341765e-01   8.0456036e-02  -5.2957331e-01   3.3896360e-01  -2.3179601e-01   6.1524824e-01   6.2021784e-03   9.4307547e-01  -1.2059727e-01   7.9995316e-01   1.9996998e-01
   1.8910336e-01  -9.1380907e-01   7.9917733e-02  -5.9350458e-01   3.3810540e-01  -3.0396832e-01   6.1487321e-01  -6.1929957e-02   9.4276823e-01  -1.8364009e-01   7.9995438e-01   1.9997274e-01
   2.0591026e-01  -8.0670371e-01   9.6345954e-02  -4.8202756e-01   3.5736245e-01  -1.8036758e-01   6.3203283e-01   5.7485577e-02   9.5891818e-01  -7.1341786e-02   9.9994356e-01   1.9997594e-01
   2.0559788e-01  -8.6860706e-01   9.5948180e-02  -5.4530725e-01   3.5699879e-01  -2.4929526e-01   6.3209827e-01  -1.0769494e-02   9.5860645e-01  -1.3643784e-01   9.9994968e-01   1.9996998e-01
   2.0507889e-01  -9.2862389e-01   9.5404085e-02  -6.0963650e-01   3.5600757e-01  -3.2215198e-01   6.3178224e-01  -7.8428979e-02   9.5820824e-01  -1.9917193e-01   9.9994566e-01   2.0002930e-01
   4.6589714e-02  -8.1691237e-01  -7.1520291e-02  -4.9488333e-01   1.7208921e-01  -1.9589384e-01   4.6543800e-01   4.0348487e-02   7.9881003e-01  -8.8015022e-02  -9.9999312e-01   3.9996371e-01
   4.6341266e-02  -8.7821971e-01  -7.1269054e-02  -5.5817589e-01   1.7233122e-01  -2.6538020e-01   4.6536420e-01  -2.8917324e-02   7.9872056e-01  -1.5190252e-01  -9.9996152e-01   3.9996573e-01
   4.6003781e-02  -9.3803743e-01  -7.1064589e-02  -6.2223717e-01   1.7252517e-01  -3.3877587e-01   4.6512347e-01  -9.5764956e-02   7.9858818e-01  -2.1450681e-01  -9.9999484e-01   3.9996543e-01
   6.2582186e-02  -8.3249227e-01  -5.3885448e-02  -5.1069494e-01   1.8951272e-01  -2.1279599e-01   4.8109084e-01   2.3028173e-02   8.1404879e-01  -1.0413172e-01  -7.9999772e-01   3.9996617e-01
   6.2317432e-02  -8.9326902e-01  -5.3915699e-02  -5.7413639e-01   1.8996585e-01  -2.8348384e-01   4.8091170e-01  -4.5856171e-02   8.1395353e-01  -1.6755622e-01  -7.9996416e-01   3.9998561e-01
   6.1988100e-02  -9.5298119e-01  -5.3939729e-02  -6.3842725e-01   1.8992873e-01  -3.5703505e-01   4.8063128e-01  -1.1168620e-01   8.1370165e-01  -2.3020857e-01  -7.9999988e-01   3.9996385e-01
   7.8381134e-02  -8.4790331e-01  -3.6515572e-02  -5.2645377e-01   2.0734903e-01  -2.3007125e-01   4.9664585e-01   5.7479785e-03   8.2932574e-01  -1.2011110e-01  -6.0000393e-01   3.9996381e-01
   7.8101148e-02  -9.0819969e-01  -3.6694935e-02  -5.9005334e-01   2.0792488e-01  -3.0177820e-01   4.9640427e-01  -6.2587764e-02   8.2925494e-01  -1.8309085e-01  -6.0000745e-01   3.9996887e-01
   9.4085467e-02  -8.0128206e-01  -1.9118663e-02  -4.7897775e-01   2.2548248e-01  -1.7927831e-01   5.1229912e-01   5.7668588e-02   8.4451623e-01  -7.1318401e-02  -4.0001391e-01   3.9996493e-01
   9.3929490e-02  -8.6313928e-01  -1.9436196e-02  -5.4223598e-01   2.2557882e-01  -2.4771275e-01   5.1227702e-01  -1.1379886e-02   8.4467135e-01  -1.3590769e-01  -4.0001205e-01   3.9996233e-01
   9.3696705e-02  -9.2305012e-01  -1.9655035e-02  -6.0599690e-01   2.2598603e-01  -3.2006592e-01   5.1196593e-01  -7.9015985e-02   8.4439479e-01  -1.9854909e-01  -4.0001179e-01   3.9999429e-01
   1.0955272e-01  -8.1694541e-01  -2.0317777e-03  -4.9482047e-01   2.4381783e-01  -1.9606547e-01   5.2824010e-01   4.0405343e-02   8.5988908e-01  -8.7725381e-02  -1.9998428e-01   3.9996661e-01
   1.0932680e-01  -8.7825168e-01  -2.4851194e-03  -5.5799567e-01   2.4396329e-01  -2.6564324e-01   5.2812982e-01  -2.8409058e-02   8.5997383e-01  -1.5163026e-01  -2.0001638e-01   3.9995817e-01
   1.0914079e-01  -9.3785442e-01  -2.7674657e-03  -6.2199152e-01   2.4416497e-01  -3.3821911e-01   5.2771725e-01  -9.5174732e-02   8.5953486e-01  -2.1400970e-01  -2.0001714e-01   3.9996389e-01
   1.2505559e-01  -8.3247832e-01   1.4731354e-02  -5.1053424e-01   2.6240656e-01  -2.1312447e-01   5.4452243e-01   2.3195950e-02   8.7528489e-01  -1.0391867e-01  -2.2959319e-05   3.9996089e-01
   1.2483397e-01  -8.9326881e-01   1.4358039e-02  -5.7378067e-01   2.6241128e-01  -2.8370482e-01   5.4417979e-01  -4.5257794e-02   8.7524971e-01  -1.6716746e-01  -2.3139313e-05   3.9996495e-01
   1.2456256e-01  -9.5278488e-01   1.3911133e-02  -6.3813954e-01   2.6233618e-01  -3.5626460e-01   5.4376250e-01  -1.1106422e-01   8.7472149e-01  -2.2958337e-01  -2.4739266e-05   3.9996171e-01
   1.4066317e-01  -8.4783530e-01   3.1348163e-02  -5.2621197e-01   2.8094572e-01  -2.3029996e-01   5.6080690e-01   6.0599325e-03   8.9066461e-01  -1.1993496e-01   1.9996918e-01   3.9996585e-01
   1.4043188e-01  -9.0808984e-01   3.0867788e-02  -5.8964184e-01   2.8071873e-01  -3.0178249e-01   5.6043058e-01  -6.1933175e-02   8.9046079e-01  -1.8259567e-01   1.9997144e-01   4.0000303e-01
   1.5650696e-01  -8.0120847e-01   4.8156564e-02  -4.7883958e-01   2.9963786e-01  -1.7924420e-01   5.7724692e-01   5.7443097e-02   9.0606236e-01  -7.1074888e-02   3.9996443e-01   3.9996259e-01
   1.5634175e-01  -8.6303737e-01   4.7683698e-02  -5.4189506e-01   2.9937011e-01  -2.4780522e-01   5.7721238e-01  -1.0916890e-02   9.0601323e-01  -1.3570773e-01   3.9996575e-01   3.9996701e-01
   1.5607078e-01  -9.2279652e-01   4.7199247e-02  -6.0559312e-01   2.9901696e-01  -3.1982970e-01   5.7682276e-01  -7.8262274e-02   9.0567274e-01  -1.9795093e-01   3.9999947e-01   3.9996093e-01
   1.7227222e-01  -8.1684329e-01   6.4213401e-02  -4.9455765e-01   3.1809507e-01  -1.9595498e-01   5.9395298e-01   4.0338618e-02   9.2137836e-01  -8.7413856e-02   5.9995841e-01   3.9996543e-01
   1.7212761e-01  -8.7812638e-01   6.3719080e-02  -5.5758288e-01   3.1764345e-01  -2.6551816e-01   5.9382425e-01  -2.7823554e-02   9.2132665e-01  -1.5129621e-01   5.9996025e-01   3.9996631e-01
   1.7176267e-01  -9.3752788e-01   6.3185068e-02  -6.2163451e-01   3.1709485e-01  -3.3786317e-01   5.9345244e-01  -9.4378541e-02   9.2082353e-01  -2.1338300e-01   5.9995937e-01   3.9996237e-01
   1.8818660e-01  -8.3230754e-01   7.9943050e-02  -5.1014012e-01   3.3633795e-01  -2.1274214e-01   6.1076503e-01   2.3371022e-02   9.3680957e-01  -1.0354536e-01   7.9995196e-01   3.9996573e-01
   1.8790125e-01  -8.9300835e-01   7.9462246e-02  -5.7332003e-01   3.3565783e-01  -2.8333043e-01   6.1048719e-01  -4.4544419e-02   9.3656863e-01  -1.6677441e-01   7.9995208e-01   3.9996305e-01
   1.8749167e-01  -9.5243023e-01   7.8936816e-02  -6.3783659e-01   3.3512789e-01  -3.5594213e-01   6.1016279e-01  -1.1027597e-01   9.3610778e-01  -2.2900302e-01   7.9995124e-01   3.9996375e-01
   2.0423206e-01  -8.4756904e-01   9.5348087e-02  -5.2575648e-01   3.5436263e-01  -2.2971060e-01   6.2749233e-01   6.4508405e-03   9.5219530e-01  -1.1943742e-01   9.9994716e-01   3.9995781e-01
   2.0370298e-01  -9.0772897e-01   9.4795195e-02  -5.8921124e-01   3.5346431e-01  -3.0127294e-01   6.2722651e-01  -6.1155007e-02   9.5182756e-01  -1.8218180e-01   9.9994632e-01   3.9996263e-01
   4.6121783e-02  -7.9569027e-01  -7.1126808e-02  -4.7561212e-01   1.7077681e-01  -1.7778076e-01   4.6227233e-01   5.7500381e-02   7.9358512e-01  -7.0923845e-02  -9.9995724e-01   5.9995637e-01
   4.5954435e-02  -8.5729841e-01  -7.0916765e-02  -5.3849082e-01   1.7082187e-01  -2.4544883e-01   4.6226976e-01  -1.1416574e-02   7.9346519e-01  -1.3503083e-01  -9.9999276e-01   5.9995951e-01
   4.5631753e-02  -9.1709510e-01  -7.0717449e-02  -6.0187263e-01   1.7114713e-01  -3.1761169e-01   4.6202324e-01  -7.8716689e-02   7.9341048e-01  -1.9734290e-01  -9.9999418e-01   5.9995813e-01
   6.2084003e-02  -8.1138838e-01  -5.3628847e-02  -4.9141386e-01   1.8797376e-01  -1.9434093e-01   4.7785073e-01   4.0283265e-02   8.0869772e-01  -8.7122284e-02  -7.9996250e-01   5.9998153e-01
   6.1884687e-02  -8.7240972e-01  -5.3665750e-02  -5.5429749e-01   1.8830095e-01  -2.6317121e-01   4.7775418e-01  -2.8388890e-02   8.0866211e-01  -1.5066500e-01  -7.9999804e-01   5.9995657e-01
   6.1596548e-02  -9.3185113e-01  -5.3666179e-02  -6.1782369e-01   1.8857729e-01  -3.3585242e-01   4.7748042e-01  -9.4830381e-02   8.0842632e-01  -2.1281959e-01  -7.9999952e-01   5.9995879e-01
   7.7809362e-02  -8.2688396e-01  -3.6337282e-02  -5.0710554e-01   2.0564787e-01  -2.1115942e-01   4.9333086e-01   2.3099832e-02   8.2381570e-01  -1.0315788e-01  -6.0000535e-01   5.9995687e-01
   7.7546110e-02  -8.8737730e-01  -3.6502914e-02  -5.7008120e-01   2.0610014e-01  -2.8114440e-01   4.9315793e-01  -4.5206732e-02   8.2380497e-01  -1.6619684e-01  -5.9996547e-01   5.9995633e-01
   7.7275135e-02  -9.4667066e-01  -3.6677771e-02  -6.3384899e-01   2.0607504e-01  -3.5391164e-01   4.9281551e-01  -1.1066344e-01   8.2342414e-01  -2.2839391e-01  -6.0000371e-01   5.9995905e-01
   9.3236497e-02  -8.4223879e-01  -1.9296524e-02  -5.2275773e-01   2.2362406e-01  -2.2829243e-01   5.0885969e-01   5.9743275e-03   8.3903300e-01  -1.1904673e-01  -4.0001243e-01   5.9995955e-01
   9.3051127e-02  -9.0226463e-01  -1.9566427e-02  -5.8582051e-01   2.2413083e-01  -2.9927356e-01   5.0857412e-01  -6.1820966e-02   8.3895405e-01  -1.8162247e-01  -4.0000849e-01   5.9995613e-01
   1.0875868e-01  -7.9568662e-01  -2.0259849e-03  -4.7560140e-01   2.4183347e-01  -1.7783633e-01   5.2449300e-01   5.7404263e-02   8.5415248e-01  -7.0595156e-02  -2.0001256e-01   5.9995719e-01
   1.0860270e-01  -8.5741555e-01  -2.4701010e-03  -5.3838504e-01   2.4186801e-01  -2.4576894e-01   5.2454578e-01  -1.0989622e-02   8.5428893e-01  -1.3478624e-01  -2.0001702e-01   5.9995715e-01
   1.0838408e-01  -9.1699298e-01  -2.7739022e-03  -6.0163812e-01   2.4220785e-01  -3.1733042e-01   5.2418427e-01  -7.8131400e-02   8.5410742e-01  -1.9693397e-01  -2.0001786e-01   5.9999337e-01
   1.2418989e-01  -8.1130235e-01   1.4676429e-02  -4.9130745e-01   2.6030526e-01  -1.9452458e-01   5.4064574e-01   4.0309869e-02   8.6944101e-01  -8.6895291e-02   9.1397287e-06   5.9995941e-01
   1.2395517e-01  -8.7244706e-01   1.4199058e-02  -5.5402458e-01   2.6026600e-01  -2.6349968e-01   5.4045651e-01  -2.7884057e-02   8.6955344e-01  -1.5037837e-01  -2.2819323e-05   5.9995861e-01
   1.2375414e-01  -9.3165718e-01   1.3858569e-02  -6.1751946e-01   2.6033080e-01  -3.3533557e-01   5.4006689e-01  -9.4183731e-02   8.6911168e-01  -2.1226112e-01  -2.2419335e-05   5.9995703e-01
   1.3968933e-01  -8.2676617e-01   3.1090061e-02  -5.0689549e-01   2.7870154e-01  -2.1136796e-01   5.5686285e-01   2.3277693e-02   8.8474671e-01  -1.0297079e-01   1.9997080e-01   5.9995623e-01
   1.3949087e-01  -8.8735713e-01   3.0685636e-02  -5.6967056e-01   2.7851488e-01  -2.8136066e-01   5.5652708e-01  -4.4594624e-02   8.8472268e-01  -1.6578319e-01   1.9997008e-01   5.9995981e-01
   1.3918364e-01  -9.4639819e-01   3.0212985e-02  -6.3352738e-01   2.7839324e-01  -3.5323775e-01   5.5613982e-01  -1.0997624e-01   8.8414683e-01  -2.2771379e-01   2.0000410e-01   5.9995757e-01
   1.5526000e-01  -8.4207681e-01   4.7325187e-02  -5.2247024e-01   2.9703367e-01  -2.2835529e-01   5.7317607e-01   6.3259731e-03   8.9997582e-01  -1.1885556e-01   3.9996199e-01   5.9995725e-01
   1.5503386e-01  -9.0214856e-01   4.6933206e-02  -5.8539871e-01   2.9666808e-01  -2.9924695e-01   5.7282335e-01  -6.1128617e-02   8.9979968e-01  -1.8109640e-01   3.9996579e-01   5.9995801e-01
   1.7106967e-01  -7.9565251e-01   6.3820133e-02  -4.7543233e-01   3.1555632e-01  -1.7773099e-01   5.8969826e-01   5.7172122e-02   9.1534031e-01  -7.0308519e-02   6.0000099e-01   5.9995915e-01
   1.7092035e-01  -8.5721688e-01   6.3295775e-02  -5.3801881e-01   3.1528041e-01  -2.4563441e-01   5.8965428e-01  -1.0518687e-02   9.1524977e-01  -1.3454123e-01   5.9995943e-01   5.9996119e-01
   1.7063199e-01  -9.1672865e-01   6.2845437e-02  -6.0124099e-01   3.1466701e-01  -3.1709763e-01   5.8927753e-01  -7.7388202e-02   9.1493760e-01  -1.9640789e-01   5.9999665e-01   6.0000711e-01
   1.8686540e-01  -8.1122833e-01   7.9418478e-02  -4.9101609e-01   3.3371916e-01  -1.9429030e-01   6.0631228e-01   4.0264384e-02   9.3059924e-01  -8.6506100e-02   7.9995196e-01   5.9995903e-01
   1.8663841e-01  -8.7223036e-01   7.8978438e-02  -5.5357918e-01   3.3323149e-01  -2.6313731e-01   6.0615288e-01  -2.7269804e-02   9.3040357e-01  -1.5002093e-01   7.9995180e-01   5.9995351e-01
   1.8625115e-01  -9.3133407e-01   7.8419968e-02  -6.1715988e-01   3.3252649e-01  -3.3501633e-01   6.0581539e-01  -9.3393762e-02   9.3002232e-01  -2.1169450e-01   7.9995420e-01   5.9995659e-01
   2.0279716e-01  -8.2660869e-01   9.4720103e-02  -5.0651746e-01   3.5169621e-01  -2.1087857e-01   6.2303658e-01   2.3422299e-02   9.4592682e-01  -1.0252625e-01   9.9994752e-01   5.9995829e-01
   2.0240346e-01  -8.8704003e-01   9.4267405e-02  -5.6922945e-01   3.5098691e-01  -2.8080841e-01   6.2274565e-01  -4.3897555e-02   9.4564405e-01  -1.6540001e-01   9.9994756e-01   5.9995497e-01
   2.0194240e-01  -9.4606735e-01   9.3724596e-02  -6.3321800e-01   3.5031366e-01  -3.5300003e-01   6.2248476e-01  -1.0921309e-01   9.4521860e-01  -2.2715789e-01   9.9994632e-01   6.0003115e-01
   4.5655139e-02  -8.3647644e-01  -7.0587004e-02  -5.1919451e-01   1.6935757e-01  -2.2620508e-01   4.5918347e-01   5.8925844e-03   7.8833361e-01  -1.1830760e-01  -9.9999402e-01   7.9995134e-01
   4.5362280e-02  -8.9639715e-01  -7.0372026e-02  -5.8186380e-01   1.6981285e-01  -2.9684959e-01   4.5899424e-01  -6.1623796e-02   7.8825100e-01  -1.8046541e-01  -9.9999300e-01   7.9995290e-01
   6.1600625e-02  -7.9026347e-01  -5.3432964e-02  -4.7225873e-01   1.8656804e-01  -1.7633620e-01   4.7461683e-01   5.7271458e-02   8.0338914e-01  -7.0181935e-02  -7.9999852e-01   7.9997280e-01
   6.1443360e-02  -8.5165062e-01  -5.3363236e-02  -5.3477075e-01   1.8664506e-01  -2.4349364e-01   4.7460353e-01  -1.1025022e-02   8.0338356e-01  -1.3388214e-01  -8.0000140e-01   7.9994914e-01
   6.1122395e-02  -9.1111777e-01  -5.3335344e-02  -5.9766275e-01   1.8707330e-01  -3.1491911e-01   4.7432612e-01  -7.7882952e-02   8.0326234e-01  -1.9582582e-01  -7.9999860e-01   7.9995084e-01
   7.7232869e-02  -8.0584723e-01  -3.6182592e-02  -4.8798408e-01   2.0398211e-01  -1.9284703e-01   4.9003667e-01   4.0217398e-02   8.1840949e-01  -8.6271383e-02  -6.0000443e-01   7.9994890e-01
   7.7009738e-02  -8.6667655e-01  -3.6309820e-02  -5.5042038e-01   2.0430479e-01  -2.6107764e-01   4.8992125e-01  -2.7878908e-02   8.1844017e-01  -1.4941612e-01  -5.9996417e-01   7.9995606e-01
   7.6761076e-02  -9.2577768e-01  -3.6504416e-02  -6.1344325e-01   2.0461010e-01  -3.3294142e-01   4.8960951e-01  -9.3905032e-02   8.1818980e-01  -2.1114890e-01  -5.9996475e-01   7.9994982e-01
   9.2594996e-02  -8.2127887e-01  -1.9195257e-02  -5.0357342e-01   2.2176821e-01  -2.0954064e-01   5.0542412e-01   2.3201099e-02   8.3352060e-01  -1.0220764e-01  -4.0001079e-01   7.9994856e-01
   9.2356633e-02  -8.8157804e-01  -1.9471596e-02  -5.6602773e-01   2.2215118e-01  -2.7889013e-01   5.0528509e-01  -4.4575744e-02   8.3353905e-01  -1.6484475e-01  -4.0000923e-01   7.9995122e-01
   9.2150237e-02  -9.4043738e-01  -1.9740855e-02  -6.2931021e-01   2.2224623e-01  -3.5084402e-01   5.0489761e-01  -1.0958469e-01   8.3312519e-01  -2.2657110e-01  -4.0001191e-01   7.9995044e-01
   1.0780458e-01  -8.3657256e-01  -2.4748211e-03  -5.1912049e-01   2.3982894e-01  -2.2649580e-01   5.2099715e-01   6.1993893e-03   8.4866668e-01  -1.1800359e-01  -2.0001640e-01   7.9995386e-01
   1.0762414e-01  -8.9637569e-01  -2.7513746e-03  -5.8165397e-01   2.4021770e-01  -2.9680367e-01   5.2074076e-01  -6.1062536e-02   8.4858257e-01  -1.8014402e-01  -2.0001828e-01   7.9995158e-01
   1.2329072e-01  -7.9017808e-01   1.4646392e-02  -4.7225379e-01   2.5817866e-01  -1.7641044e-01   5.3681240e-01   5.7168903e-02   8.6369968e-01  -6.9849599e-02  -2.2179342e-05   7.9995554e-01
   1.2309376e-01  -8.5168881e-01   1.4078052e-02  -5.3460126e-01   2.5809605e-01  -2.4381182e-01   5.3682763e-01  -1.0642482e-02   8.6380717e-01  -1.3365042e-01  -2.2419335e-05   7.9995118e-01
   1.2291998e-01  -9.1102830e-01   1.3742283e-02  -5.9734479e-01   2.5824667e-01  -3.1471507e-01   5.3645196e-01  -7.7266124e-02   8.6358404e-01  -1.9534480e-01  -2.2939319e-05   7.9995296e-01
   1.3870069e-01  -8.0573717e-01   3.0949746e-02  -4.8782875e-01   2.7642947e-01  -1.9297812e-01   5.5291665e-01   4.0213107e-02   8.7887151e-01  -8.6053187e-02   1.9997218e-01   7.9995586e-01
   1.3851746e-01  -8.6667204e-01   3.0451349e-02  -5.5011979e-01   2.7628036e-01  -2.6135956e-01   5.5277419e-01  -2.7377078e-02   8.7897170e-01  -1.4913613e-01   1.9997280e-01   7.9995158e-01
   1.3825936e-01  -9.2555991e-01   3.0039629e-02  -6.1310533e-01   2.7622114e-01  -3.3253464e-01   5.5240688e-01  -9.3191871e-02   8.7849648e-01  -2.1056941e-01   1.9996962e-01   7.9995490e-01
   1.5417266e-01  -8.2113941e-01   4.7086609e-02  -5.0332948e-01   2.9476203e-01  -2.0960951e-01   5.6915993e-01   2.3323821e-02   8.9408924e-01  -1.0203021e-01   4.0000237e-01   7.9998680e-01
   1.5393173e-01  -8.8152033e-01   4.6607092e-02  -5.6563168e-01   2.9435331e-01  -2.7902337e-01   5.6881193e-01  -4.3974149e-02   8.9404462e-01  -1.6442767e-01   3.9996265e-01   7.9998850e-01
   1.5367706e-01  -9.4014795e-01   4.6161260e-02  -6.2899782e-01   2.9411623e-01  -3.5029778e-01   5.6849204e-01  -1.0890629e-01   8.9349001e-01  -2.2588069e-01   3.9996519e-01   7.9995114e-01
   1.6975513e-01  -8.3638826e-01   6.2915165e-02  -5.1876326e-01   3.1289248e-01  -2.2638488e-01   5.8552400e-01   6.5373037e-03   9.0919627e-01  -1.1782551e-01   5.9995925e-01   7.9999362e-01
   1.6955410e-01  -8.9621950e-01   6.2472980e-02  -5.8123345e-01   3.1230912e-01  -2.9668696e-01   5.8516184e-01  -6.0359674e-02   9.0906454e-01  -1.7965184e-01   5.9995953e-01   7.9995476e-01
   1.8557275e-01  -7.9016757e-01   7.8902917e-02  -4.7205769e-01   3.3112098e-01  -1.7620898e-01   6.0192734e-01   5.6935474e-02   9.2447623e-01  -6.9540434e-02   7.9995392e-01   7.9995266e-01
   1.8536721e-01  -8.5145195e-01   7.8490769e-02  -5.3420220e-01   3.3081138e-01  -2.4347605e-01   6.0192648e-01  -1.0150092e-02   9.2432111e-01  -1.3340412e-01   7.9995360e-01   7.9995068e-01
   1.8501535e-01  -9.1072987e-01   7.7996448e-02  -5.9692255e-01   3.3004459e-01  -3.1442114e-01   6.0154673e-01  -7.6530007e-02   9.2404799e-01  -1.9483697e-01   7.9995312e-01   7.9995462e-01
   2.0139766e-01  -8.0563247e-01   9.4086755e-02  -4.8754640e-01   3.4899118e-01  -1.9261274e-01   6.1850317e-01   4.0208172e-02   9.3972507e-01  -8.5612289e-02   9.9999922e-01   7.9995208e-01
   2.0114642e-01  -8.6637039e-01   9.3692843e-02  -5.4963169e-01   3.4848935e-01  -2.6080345e-01   6.1837551e-01  -2.6740512e-02   9.3947791e-01  -1.4880315e-01   9.9999858e-01   7.9995060e-01
   2.0059267e-01  -9.2523208e-01   9.3175351e-02  -6.1274811e-01   3.4764338e-01  -3.3219565e-01   6.1805047e-01  -9.2447387e-02   9.3903723e-01  -2.1006500e-01   9.9994614e-01   7.9995294e-01
   4.5262300e-02  -8.1567164e-01  -7.0286421e-02  -5.0015179e-01   1.6807050e-01  -2.0769552e-01   4.5611264e-01   2.3064217e-02   7.8323078e-01  -1.0160068e-01  -9.9999452e-01   9.9994662e-01
   4.5028442e-02  -8.7580196e-01  -7.0080668e-02  -5.6222528e-01   1.6832688e-01  -2.7653846e-01   4.5598648e-01  -4.4466324e-02   7.8306600e-01  -1.6375034e-01  -9.9995380e-01   9.9996346e-01
   4.4712197e-02  -9.3446798e-01  -6.9904953e-02  -6.2503940e-01   1.6844252e-01  -3.4847777e-01   4.5576335e-01  -1.0904961e-01   7.8297010e-01  -2.2519928e-01  -9.9999236e-01   9.9994594e-01
   6.0969636e-02  -8.3094473e-01  -5.3080031e-02  -5.1563021e-01   1.8514344e-01  -2.2443763e-01   4.7146704e-01   6.1530467e-03   7.9818183e-01  -1.1724623e-01  -7.9999794e-01   9.9994536e-01
   6.0730629e-02  -8.9057407e-01  -5.3109854e-02  -5.7785839e-01   1.8550989e-01  -2.9434709e-01   4.7123619e-01  -6.0880170e-02   7.9805288e-01  -1.7905797e-01  -7.9999950e-01   9.9994550e-01
   7.6719454e-02  -7.8484719e-01  -3.6051503e-02  -4.6894287e-01   2.0240947e-01  -1.7494657e-01   4.8675257e-01   5.7067422e-02   8.1313803e-01  -6.9433374e-02  -6.0000471e-01   9.9994792e-01
   7.6475512e-02  -8.4605519e-01  -3.6095700e-02  -5.3109146e-01   2.0254485e-01  -2.4158909e-01   4.8674549e-01  -1.0657500e-02   8.1312601e-01  -1.3275833e-01  -6.0000585e-01   9.9994948e-01
   7.6168278e-02  -9.0523742e-01  -3.6290296e-02  -5.9346639e-01   2.0300120e-01  -3.1227329e-01   4.8646508e-01  -7.7068525e-02   8.1296725e-01  -1.9430768e-01  -5.9995967e-01   9.9994738e-01
   9.1955855e-02  -8.0034448e-01  -1.9098496e-02  -4.8458799e-01   2.2003595e-01  -1.9134712e-01   5.0206707e-01   4.0154964e-02   8.2805647e-01  -8.5420053e-02  -4.0001245e-01   9.9997102e-01
   9.1724357e-02  -8.6103220e-01  -1.9372475e-02  -5.4657781e-01   2.2025114e-01  -2.5904801e-01   5.0197589e-01  -2.7372143e-02   8.2803158e-01  -1.4818975e-01  -4.0001237e-01   9.9994502e-01
   9.1512168e-02  -9.1979906e-01  -1.9610409e-02  -6.0911987e-01   2.2056095e-01  -3.3011152e-01   5.0166887e-01  -9.2943853e-02   8.2783827e-01  -2.0950911e-01  -4.0001107e-01   9.9994378e-01
   1.0704336e-01  -8.1569631e-01  -2.4314822e-03  -5.0006512e-01   2.3792031e-01  -2.0792037e-01   5.1753604e-01   2.3267395e-02   8.4310514e-01  -1.0125033e-01  -2.0001416e-01   9.9994536e-01
   1.0688695e-01  -8.7583264e-01  -2.8494234e-03  -5.6202361e-01   2.3821338e-01  -2.7669379e-01   5.1734638e-01  -4.3942181e-02   8.4315298e-01  -1.6348623e-01  -2.0001768e-01   9.9994402e-01
   1.0664838e-01  -9.3430364e-01  -3.0770597e-03  -6.2482270e-01   2.3823119e-01  -3.4785579e-01   5.1696019e-01  -1.0858210e-01   8.4266767e-01  -2.2479078e-01  -2.0001540e-01   9.9994486e-01
   1.2230207e-01  -8.3092477e-01   1.4004891e-02  -5.1548839e-01   2.5598640e-01  -2.2475752e-01   5.3318395e-01   6.4283129e-03   8.5811412e-01  -1.1697719e-01  -2.0939379e-05   9.9994718e-01
   1.2209697e-01  -8.9056957e-01   1.3649813e-02  -5.7753098e-01   2.5615718e-01  -2.9441918e-01   5.3288637e-01  -6.0311401e-02   8.5809975e-01  -1.7870354e-01  -2.4019287e-05   9.9994546e-01
   1.3773007e-01  -7.8476094e-01   3.0782397e-02  -4.6893322e-01   2.7422498e-01  -1.7497511e-01   5.4899277e-01   5.6915307e-02   8.7314327e-01  -6.9143733e-02   1.9997048e-01   9.9994798e-01
   1.3759898e-01  -8.4598632e-01   3.0227145e-02  -5.3086253e-01   2.7407823e-01  -2.4186565e-01   5.4904834e-01  -1.0264876e-02   8.7323874e-01  -1.3253670e-01   1.9996908e-01   9.9997488e-01
   1.3738422e-01  -9.0513829e-01   2.9853615e-02  -5.9309715e-01   2.7403746e-01  -3.1213297e-01   5.4862997e-01  -7.6422089e-02   8.7297742e-01  -1.9379061e-01   1.9997080e-01   9.9997874e-01
   1.5309735e-01  -8.0024536e-01   4.6759851e-02  -4.8440498e-01   2.9240628e-01  -1.9140719e-01   5.6514851e-01   4.0144451e-02   8.8822648e-01  -8.5218807e-02   3.9996541e-01   9.9994722e-01
   1.5293257e-01  -8.6091570e-01   4.6320240e-02  -5.4625126e-01   2.9209819e-01  -2.5919948e-01   5.6498309e-01  -2.6857870e-02   8.8827926e-01  -1.4792264e-01   3.9996431e-01   9.9994738e-01
   1.5265344e-01  -9.1955405e-01   4.5859389e-02  -6.0877080e-01   2.9189780e-01  -3.2978284e-01   5.6463660e-01  -9.2203230e-02   8.8779910e-01  -2.0890129e-01   3.9996477e-01   9.9997110e-01
   1.6858284e-01  -8.1559375e-01   6.2550003e-02  -4.9979157e-01   3.1052643e-01  -2.0783863e-01   5.8137806e-01   2.3397626e-02   9.0325992e-01  -1.0107096e-01   5.9995761e-01   9.9994644e-01
   1.6839940e-01  -8.7571313e-01   6.2080356e-02  -5.6163249e-01   3.1000851e-01  -2.7664445e-01   5.8106782e-01  -4.3338226e-02   9.0322280e-01  -1.6309103e-01   5.9995855e-01   9.9994668e-01
   1.6804089e-01  -9.3398739e-01   6.1588824e-02  -6.2450088e-01   3.0961782e-01  -3.4743227e-01   5.8071146e-01  -1.0785779e-01   9.0268128e-01  -2.2408663e-01   5.9996063e-01   9.9994414e-01
   1.8414857e-01  -8.3076279e-01   7.8018976e-02  -5.1510349e-01   3.2838998e-01  -2.2443463e-01   5.9772497e-01   6.7795294e-03   9.1832511e-01  -1.1678066e-01   7.9995334e-01   9.9994594e-01
   1.8381259e-01  -8.9034000e-01   7.7477455e-02  -5.7711133e-01   3.2765666e-01  -2.9412696e-01   5.9739628e-01  -5.9618193e-02   9.1813202e-01  -1.7825213e-01   7.9995372e-01   9.9994426e-01
   2.0003763e-01  -7.8468735e-01   9.3419508e-02  -4.6872811e-01   3.4631082e-01  -1.7468954e-01   6.1404441e-01   5.6709554e-02   9.3354649e-01  -6.8736520e-02   9.9994680e-01   9.9994662e-01
   1.9977717e-01  -8.4573379e-01   9.3110343e-02  -5.3041048e-01   3.4600938e-01  -2.4134794e-01   6.1406930e-01  -9.7819261e-03   9.3334568e-01  -1.3223268e-01   9.9994766e-01   9.9994568e-01
   1.9934593e-01  -9.0478236e-01   9.2622459e-02  -5.9269079e-01   3.4514132e-01  -3.1173391e-01   6.1373138e-01  -7.5666019e-02   9.3307105e-01  -1.9329286e-01   9.9994770e-01   9.9994250e-01
