	-9.4493e-3	-0.4507	-0.555	0.1217	-0.1893	-1.2721e-2	0.216	0.4022	0.1545	-0.2395	0.2402
	6.264e-2	0.5944	0.6777	0.4997	0.6191	-0.3983	-0.3221	-0.2949	-0.2077	-0.1339	-0.6397
	0.256	-0.1186	-0.3319	0.4893	0.5407	0.3635	-0.3919	-0.3733	-1.6361e-2	-0.4408	-0.4155
	-0.1908	0.4402	0.483	0.424	-8.322e-2	0.4992	-0.3232	-0.3141	-0.5049	-0.1363	0.5764
	-0.3785	0.1874	0.4201	0.2746	-0.4029	-0.4652	-0.6904	-0.2336	-0.8028	0.1346	-1.2826
	-0.1659	-0.2066	0.2613	0.1931	-9.7427e-2	9.7978e-2	-0.3514	-0.2542	4.6544e-2	-0.4199	0.316
	0.1278	9.7683e-2	-7.2962e-2	0.297	-0.3422	-0.3836	0.1411	-0.422	8.6665e-2	-0.1772	0.3613
	-0.3071	3.0864e-2	-4.5828e-2	4.7632e-2	0.2535	0.14	-0.3771	-0.127	-0.1029	0.4312	-0.444
	-0.4334	0.1162	9.085e-2	-4.9806e-2	-0.4208	7.0819e-2	-0.2241	-0.465	-0.3015	-0.1027	-0.3097
	-0.1355	0.1137	-0.4425	0.2758	-0.1293	9.9674e-2	0.3875	0.5731	0.3755	-0.3165	0.1723
	-7.4886e-2	-0.1144	-6.2144e-2	-0.1812	-0.3791	0.3503	-5.723e-2	0.4021	0.2788	0.3123	-7.4484e-2
	-0.3287	-9.2144e-2	0.2608	-0.2668	0.1721	0.3516	-0.1109	-0.4037	9.3364e-2	-0.4466	0.5447
	-0.2	-0.3936	-0.5234	-0.1989	-0.4509	-0.3846	-0.2995	-0.2138	-9.4439e-2	1.5054e-2	-1.437e-3
	0.1267	7.0155e-2	0.6108	-0.2412	-0.3838	3.3288e-2	0.2766	-0.296	-0.5523	-0.5018	-0.2463
	-0.5869	-0.5289	-0.2975	0.309	-9.572e-2	-0.2387	0.418	0.2296	-0.255	-0.3157	0.2546
	0.2528	-0.224	0.2417	0.5464	-0.3957	0.1392	-0.3535	-4.1115e-2	5.7641e-2	-8.0349e-2	-0.308
	4.2258e-2	0.3876	0.5372	5.2996e-2	1.9398e-2	-9.8206e-2	-0.5281	-4.3547e-3	-0.8215	-0.2558	-1.162
	-0.3823	-0.4497	0.1393	-0.3496	0.3643	0.3545	-0.218	0.5033	0.5284	-0.194	0.6507
	9.1937e-3	-0.1489	0.53	0.4911	0.3511	-0.4914	0.1685	0.2483	0.3944	0.4175	0.3974
	0.1257	0.6774	0.346	-0.1571	-0.2451	-0.1146	-0.2616	-4.0535e-2	0.25	-0.4756	-0.5732
	-0.4469	0.2403	0.2934	-0.4775	-0.5672	0.1685	-0.1753	-0.3946	-0.3154	6.0157e-2	-0.4943
	0.2388	0.4389	0.6395	-0.1174	0.5376	0.3938	-0.1292	-6.9302e-3	7.7672e-4	-0.2317	-0.7411
	-7.3251e-2	0.4304	-0.4693	-0.3669	-0.4617	-0.1977	0.2517	-0.235	0.1334	-0.112	0.1828
	0.527	0.3812	0.3355	0.4493	0.1182	0.3009	0.3929	-0.4607	-0.3925	-0.587	-0.5152
	-0.3698	-3.9927e-2	-0.3661	-0.6524	0.2734	0.3907	0.6542	0.4635	0.1343	0.3769	0.7057
	-0.3558	-0.4016	6.4019e-2	-0.2752	0.1064	0.1465	-0.4437	-0.1859	0.186	3.7406e-2	-0.1684
	0.2142	-0.223	-0.3858	-0.4663	-0.4844	-0.2037	-3.2992e-2	-1.5622e-2	0.2793	-0.3353	0.5548
	0.2123	7.3179e-2	-0.2282	-0.145	-0.3824	0.4881	-0.4529	-0.5767	-0.6616	-8.8286e-2	-0.8634
	0.4021	0.2704	0.2963	0.5424	0.3221	0.2775	-0.5676	6.8364e-2	0.1396	-0.5527	-0.6164
	-0.2451	-0.55	-0.5908	0.2117	-0.1722	3.6122e-2	0.1499	-4.4998e-2	-0.2024	-0.1681	-4.325e-2
	-6.421e-2	-0.2396	-0.4351	-0.2157	-0.3787	4.8932e-2	-0.5002	0.2055	0.5214	0.5858	0.1638
	2.9415e-2	-5.2324e-2	-7.089e-2	-0.4271	-0.4413	0.3766	0.3697	5.5902e-2	0.424	-9.9157e-3	0.4748
	-0.5556	-1.9187e-2	-0.4471	-7.708e-2	0.4331	-0.2073	0.2869	0.1681	0.4101	-0.184	0.5064
	-6.1021e-3	-0.3458	-0.1209	-7.7557e-2	0.296	0.4716	-0.566	0.3474	0.3275	0.4639	4.1447e-2
	-0.1036	-0.4402	-0.5626	0.4686	-0.5347	0.2417	0.3827	1.0725e-2	0.1176	0.2874	-3.7392e-2
	4.3684e-2	-0.6965	-2.449e-2	0.29	6.3801e-2	6.4732e-2	0.5019	0.5282	-0.1395	-0.1778	0.5705
	7.8145e-2	-0.1784	-0.2406	-2.6552e-2	0.2935	6.9619e-2	-0.1288	0.1498	0.1429	0.2651	-4.2383e-2
	-0.214	0.5785	-0.3383	-6.6101e-2	-0.4272	-0.1752	7.6011e-2	5.7508e-2	-0.381	-0.3461	-0.5187
	-1.6521e-2	-0.1607	0.2822	-0.1123	-0.3799	0.2452	0.3142	-0.1033	-0.2542	-8.6204e-2	7.3781e-2
	6.3086e-2	-0.1459	0.237	-0.1257	-4.1948e-2	-0.1174	-0.1697	0.5864	0.6991	-9.6145e-2	0.4442
	-0.5613	-0.3589	0.1151	-0.4302	0.3817	0.1219	-0.3146	-0.2879	0.6672	0.4063	0.722
	-4.8285e-2	0.4301	3.7698e-2	0.4376	-0.4651	-0.3341	-0.2397	4.3313e-2	-4.7959e-2	0.1196	-0.6095
	-0.1271	-0.1261	-1.5876e-2	-0.2623	0.1166	0.2098	-0.3263	0.4815	-0.2907	-6.7611e-2	0.2035
	-0.6683	-0.4891	-3.8092e-2	-0.4047	-0.5151	0.2813	0.1668	0.6109	0.2371	0.1034	0.5644
	0.7401	0.975	0.762	-0.168	0.2553	-0.2001	4.8761e-2	-0.2356	-0.3134	-0.3688	-0.6607
	0.1345	-0.1961	0.38	-0.1581	0.3762	0.1334	-0.3136	-0.245	-0.374	0.2611	-6.8131e-2
	0.5992	-6.4424e-2	-0.1687	0.115	-0.1856	0.2697	0.1632	-0.2285	-0.4421	-3.0868e-2	-0.299
	-0.3119	-0.4617	0.3639	6.7188e-2	0.2784	9.4932e-2	0.2911	-0.3361	-0.4999	-0.1995	0.3376
	-0.1252	-4.2694e-2	0.2559	0.2111	-0.4628	0.3171	-0.279	-0.4225	0.3869	-6.2783e-2	-0.3131
	7.9896e-2	-0.3718	-1.4382e-2	0.4265	0.3764	0.2277	-8.7663e-2	1.5281e-2	-0.4484	0.3256	-0.3345
	-1.1816e-2	1.5425e-2	7.3804e-2	-0.2867	-0.3778	0.4293	-0.2175	-0.3492	-3.0497e-2	-0.3871	9.507e-2
	0.2346	-0.3259	-0.5808	-0.3355	-5.7777e-2	0.5211	-0.308	0.1479	0.1892	0.327	0.2028
	-0.1546	0.4402	-0.163	0.1003	0.2511	-0.4713	0.1494	-0.2735	0.4124	0.1035	-0.1526
	0.3386	0.2633	-1.9046e-2	-5.8509e-2	0.3544	0.4197	-0.308	7.7073e-2	-0.5782	-0.5718	-0.6395
	-0.5884	-0.4775	-0.6753	-0.1058	-0.3778	0.3002	9.5011e-2	0.6671	0.8523	-0.1948	0.8382
	6.581e-2	-0.2979	0.249	-0.218	0.1754	0.3354	-0.3821	0.2012	0.3771	0.2172	9.0466e-2
	0.5386	-0.2498	0.5323	0.2777	-0.1386	0.298	-0.2004	-0.1971	-0.1495	-0.292	1.3968e-2
	-0.5923	-0.2684	-0.1956	-0.2553	-7.8319e-2	-0.3651	0.1868	-0.377	2.2356e-2	-0.1184	7.2854e-2
	-0.5756	-2.1499e-2	-0.5598	-0.3834	-0.4835	0.1034	0.419	0.3323	-0.2802	0.1706	-0.1602
	0.1138	0.7016	9.001e-2	0.4868	-0.3091	-0.4394	-0.5911	-0.6025	8.5837e-2	-0.1074	-0.8322
	0.4268	0.4461	-0.259	0.3515	3.9578e-2	0.1544	0.143	-0.1658	0.4392	-0.4979	3.8848e-2
	9.109e-2	-5.4532e-2	-0.3056	0.2509	-0.2953	-0.1159	-0.3803	-0.1173	-0.2318	-0.1623	-0.5539
	-0.1996	0.1063	-2.4512e-2	-0.4141	0.1436	8.9575e-2	-0.5896	0.3518	-0.3041	0.2209	-0.5134
	-5.2632e-2	0.4795	0.2213	-0.101	0.2529	-0.178	-0.3509	0.3317	-0.1754	-0.3024	-0.3104
	0.1829	-0.2986	5.5495e-2	-0.3086	-0.4254	0.1399	0.1434	-0.3612	0.3924	-0.3412	-0.5036

	-0.4701	-0.2394	-0.2691	0.3272	0.2231	-0.2888	-0.2418	-0.1592	-0.2464	0.4771	-0.4076	4.6445e-2	-0.3297	-0.4637	-0.2949	-0.4505	9.2687e-2	1.3674e-2	0.3175	-0.4162	-0.2599	-0.4067	-0.3347	0.1429	7.0687e-2	-0.1748	0.4207	0.2669	0.2033	-0.3681	-0.2162	0.3005	0.303	0.1138	-0.4445	-5.014e-2	0.1118	-0.1942	0.3084	0.1911	-1.5633e-2	0.1151	0.4693	0.336	-0.1102	0.3167	0.3444	-0.246	-0.3853	-0.4829	-0.1797	0.3374	0.2184	-0.4065	-0.4011	-0.482	0.3012	-0.3854	-8.1661e-2	-4.4943e-2	0.1026	-0.3948	-0.4043	0.3931	-0.2955	0.1014
	-4.2002e-3	0.2177	0.3928	6.1373e-2	0.4776	-0.4962	-3.8976e-2	0.4943	0.2939	0.2173	-0.25	0.2291	-0.3545	-7.3961e-2	-7.3744e-2	0.1534	0.311	-0.1804	7.3372e-3	5.6181e-3	-2.4713e-2	0.4356	-0.3643	-4.526e-2	-0.4064	0.2479	-0.4827	0.4893	-0.3323	-1.4887e-3	0.489	0.1174	-0.4518	3.1618e-3	-0.4305	-0.1151	-0.4361	0.2795	-0.1538	-0.2826	-0.3745	-0.2902	-0.4951	0.3366	-0.2512	-0.1746	-4.3751e-2	0.1768	-0.1249	-0.1712	-0.3653	-0.4449	-0.1368	5.7855e-2	0.3001	-0.3971	0.4961	2.9227e-2	0.1278	-0.3737	0.2414	-0.2204	-0.3718	0.4007	0.2207	0.353
	-0.1302	0.2241	0.1328	-0.3093	0.3911	-0.4522	0.4727	-9.9574e-2	-0.2023	9.2921e-2	-0.3988	0.4	-0.1898	-0.1057	5.4342e-2	-0.1264	-0.2416	-4.5142e-2	-0.3905	1.7336e-2	-0.4961	-8.4968e-2	-0.4635	-0.3417	-0.2129	3.7034e-2	-0.3789	-0.33	-0.3977	-0.3908	-9.023e-2	-0.3427	-0.2291	-0.2664	-0.3961	-6.1763e-3	-0.4989	-0.1253	-0.4913	-4.8357e-2	-0.3403	0.2161	0.2558	-0.168	-7.6069e-2	0.2514	0.1896	-0.3913	0.198	0.3431	0.1178	-0.2346	0.19	-0.3429	0.3343	-0.4401	0.143	-0.3765	6.0596e-2	-0.3964	0.2191	-0.4993	-0.266	-2.6082e-2	-6.3953e-2	0.3041
	0.1593	0.1016	-0.4814	-0.1858	-0.4488	0.2507	0.3705	-0.1357	0.2958	-4.3362e-2	0.1825	-0.3187	-0.2523	-5.5005e-2	0.4266	-0.2726	-0.2015	0.1057	0.2956	5.6011e-2	4.2109e-2	0.2776	0.4581	0.5607	-0.127	-0.3446	0.4415	-0.2804	-0.1055	-0.2519	0.1389	-0.4233	-0.2115	0.4035	-0.3736	2.2996e-3	-0.3607	0.487	-0.1495	4.5907e-2	-0.1417	0.467	0.2789	-3.671e-2	6.3133e-2	-0.2297	0.1382	-0.4062	-0.4317	0.3892	0.1241	0.1225	4.279e-2	0.2402	-9.9776e-2	-3.3176e-2	0.1351	-5.9397e-3	-0.1733	0.3807	0.1816	-0.41	-0.1795	-0.2079	0.4165	-0.3537
	0.1707	-0.1838	0.1562	-0.4345	0.2965	-0.1099	-9.1697e-3	-4.414e-2	-0.1939	0.3021	-3.5007e-2	0.3818	-9.3179e-2	0.2078	-2.703e-2	0.1392	0.1059	-0.3594	-0.1029	-5.3956e-2	1.2427e-2	0.2054	0.4199	0.1481	0.2788	0.1185	0.4754	0.3172	7.4716e-2	-0.2404	6.6482e-2	0.4682	-0.3655	0.3167	0.1665	1.0961e-2	-0.4641	0.4131	-9.1722e-2	-0.4462	0.1727	-0.2388	0.4884	0.178	0.1207	-0.4995	-0.2634	-0.2733	-1.3013e-2	-0.1666	0.442	0.4279	5.2972e-2	0.3286	6.6518e-2	0.2344	-0.2918	0.3437	0.2005	0.1151	0.1494	-0.4602	-5.2948e-2	9.8634e-2	4.0613e-2	0.2569
	0.3943	0.1707	-0.2363	0.404	-0.2938	0.461	-0.4173	0.3298	0.3564	-0.2105	0.2827	-0.327	-1.5282e-2	0.2942	0.1399	0.4714	0.2014	-0.1541	-4.0273e-2	3.7022e-2	0.1643	0.2972	0.267	-0.3536	4.913e-2	0.5024	0.4045	-0.2627	-0.1779	-0.2971	-0.4803	-0.4358	-1.202e-2	0.3213	0.4268	-0.4448	-0.3766	0.4611	-6.351e-2	0.4063	-0.4977	-0.241	-0.3438	0.2984	-0.4483	-0.2845	0.1679	-0.2766	0.3256	-0.1434	-0.1905	-3.2569e-2	0.5137	-4.6381e-2	-0.2654	-0.2814	0.1018	-9.1866e-2	-0.177	0.4689	-0.4771	0.3003	0.1237	-0.2449	0.4841	-0.4746
	0.1332	-0.3617	0.3103	-0.1657	-0.4877	1.4461e-2	0.1903	0.4158	7.728e-2	0.4123	0.1159	0.1	-0.484	-0.319	-0.1413	0.1923	-0.5442	0.3831	0.2986	5.6489e-2	-0.5313	-0.4117	-6.3354e-2	-0.3164	3.3695e-2	0.2076	-3.4411e-2	-0.5679	0.311	-8.0997e-2	-0.308	-0.1049	-0.2478	0.2648	-3.4234e-2	0.4215	-0.3055	-0.1584	0.1242	-0.3185	-0.367	3.3994e-2	8.8534e-2	0.2791	-6.4171e-2	0.1901	0.2992	0.3651	-0.5075	0.2687	-6.9821e-2	0.411	0.1856	0.327	0.3251	-0.1627	0.3923	0.1525	-0.2498	0.3713	0.4178	0.2824	-9.9998e-2	0.2848	-0.4616	-0.2933
	-1.5657e-2	0.459	0.154	-0.237	0.2535	0.1319	0.1654	-0.2434	0.1928	0.2196	-7.4054e-2	-0.362	-0.1902	0.3727	-0.3371	-1.3064e-2	-0.1565	0.2567	-0.3189	0.4993	-0.3421	0.1513	0.166	0.373	2.6773e-2	0.4467	-6.1791e-2	0.4397	0.4753	-5.0942e-2	-0.4453	0.4281	0.27	-0.405	-7.7859e-2	2.5876e-2	-0.4854	-8.5524e-2	-0.3345	-5.5951e-2	-0.4839	0.2564	-0.2226	-0.3651	0.1897	0.2696	-0.2732	-0.3866	-0.4759	0.2521	-0.295	-0.3568	-4.0742e-2	-0.3324	-0.518	9.2856e-2	0.1007	3.466e-2	1.2866e-2	-7.8331e-2	0.4379	0.2895	-0.435	-0.3021	-0.1954	0.1404
	-0.102	0.4936	2.1581e-2	4.7657e-2	0.5139	4.7221e-2	-0.4755	7.6441e-3	-0.1243	-0.3966	-2.0618e-2	0.2507	0.5112	-0.3834	-9.2047e-2	-0.2953	0.5053	3.1415e-2	-0.2395	-0.3486	-0.4162	0.3063	-0.3642	9.8984e-2	6.5332e-2	0.2579	2.1125e-2	0.1073	-8.6633e-2	0.1298	-0.3283	-0.3613	0.3773	0.3264	-0.1429	-8.1252e-2	0.1564	-5.9339e-2	0.3619	-0.4966	0.397	0.3912	4.6875e-2	0.1945	0.2389	0.451	-0.4099	-3.574e-2	5.331e-2	-0.42	0.3949	-2.5497e-3	-1.8055e-2	0.4578	-0.3642	-0.1702	-0.3336	-0.4887	-0.4625	-0.1644	0.4183	-0.258	0.1369	0.2083	7.0162e-3	7.3343e-2
	-4.4212e-2	6.0005e-2	-0.2866	-3.2414e-2	0.3102	0.4849	-0.356	0.3428	0.3907	0.2963	0.3143	-0.2888	0.187	-0.1813	-0.3335	0.2742	-0.2424	-0.2981	-0.2966	-5.1633e-2	4.3266e-2	-0.5497	-5.617e-2	-0.1701	0.1383	0.406	0.179	-5.1841e-2	-6.1555e-2	-0.1282	-6.6709e-2	0.2336	-0.3677	0.4568	-0.4025	0.385	0.4042	0.5253	0.4595	0.4592	-0.2911	0.125	0.4161	0.143	-0.5662	-0.4716	-0.2106	-0.474	-0.3765	0.3829	0.2438	-0.1302	6.3747e-2	0.1056	0.2588	-0.1223	-7.7703e-2	0.3598	-9.8878e-2	-0.1704	-0.4036	0.3168	0.4698	0.2454	-0.1468	0.3012
	0.1602	0.1687	2.6802e-2	-0.1457	-0.5267	-0.1403	-0.2625	2.7078e-2	-0.1962	-8.1326e-2	0.2753	-0.1236	0.3133	-0.4531	-0.3087	-0.2955	-0.3055	-0.2703	-0.2916	4.7637e-2	-0.5186	-5.1961e-2	1.8242e-3	0.5189	0.4597	-0.2049	0.4273	-0.4312	-3.9493e-2	-0.4899	-0.3396	-0.4028	-0.2355	-0.4672	8.4576e-2	0.3732	0.168	0.2232	0.1398	-0.2065	-0.2223	-0.4596	0.1085	-0.3526	0.3674	-0.2617	0.3438	-3.8142e-2	-0.1176	0.1817	0.3829	7.9714e-2	0.2997	-6.6245e-2	8.8322e-2	-0.4011	0.1114	1.5137e-2	-0.2407	-0.3935	-0.3422	-0.2149	0.4246	-0.2579	0.2615	-9.8096e-2
	-0.2732	-0.3086	0.2115	-0.3566	0.2019	0.3088	0.3011	0.3276	-0.1048	3.3256e-2	-0.4278	-0.3697	0.3696	-0.4927	0.1454	0.2921	-0.3486	0.29	0.4532	-4.4507e-2	-0.3124	-1.5598e-2	-0.2958	2.9446e-2	-0.2692	-0.5105	-0.1648	0.3753	-0.1841	-0.2065	6.4543e-2	1.646e-2	0.4914	9.9244e-3	0.3907	0.1332	-0.244	-0.1316	0.4084	-0.4428	3.1162e-2	-7.1835e-3	0.186	0.1348	-0.496	0.4131	-0.1507	-9.1449e-2	-0.1247	0.2934	-0.2309	0.3471	0.3365	-0.2254	-0.4888	-0.117	-0.2865	0.3518	-0.1084	4.8157e-2	-0.3585	-0.3356	-0.5063	-0.1587	-5.936e-2	-0.2557
	0.3316	-0.304	0.4703	-0.2122	-0.1624	0.311	0.3443	-7.3535e-2	-7.6239e-2	0.3482	0.3778	-9.27e-2	-0.1135	-0.1034	-0.4952	-0.2226	0.2125	0.1924	0.4118	-0.4908	0.2928	-3.0548e-2	-0.4668	0.4625	0.1302	0.4519	4.3519e-3	0.199	-0.3994	-0.4671	0.3894	-1.1523e-3	0.3686	0.4841	2.9219e-2	5.1823e-2	-0.338	-0.1667	-0.3641	-0.3983	0.5255	0.3141	-0.2189	-0.3328	-0.1396	0.4497	0.3604	0.3308	-0.2069	-0.1679	-7.2877e-3	-0.3982	0.3545	-0.3832	6.9701e-2	9.4338e-2	-9.404e-2	0.3777	0.2817	0.3467	-0.2803	-0.1399	0.1626	-0.3451	-0.1162	0.1399
	-6.9229e-2	-0.1212	0.2495	0.4643	0.3337	-0.1212	4.1232e-2	-0.246	-0.5165	-0.2068	-0.1831	-0.1058	0.3645	-9.3388e-2	0.1122	0.3485	-0.3426	0.4178	0.2391	-6.9069e-2	0.371	0.3811	0.2081	0.1882	-0.2815	-0.3352	-9.568e-2	-0.347	-0.5028	-6.7461e-3	-0.3771	0.4984	-0.1351	0.2525	-0.2423	4.6112e-2	-2.2562e-2	0.347	-0.2068	0.4603	-5.6698e-3	-0.1805	-0.4188	0.1839	-0.4042	2.3856e-2	-0.306	-3.1369e-2	0.3242	1.5222e-2	-0.4097	0.2701	0.2372	-0.1666	-0.2978	0.2521	7.7534e-2	3.1502e-2	-0.1006	-0.3608	0.3485	-0.508	0.1886	-0.2582	-4.4095e-2	0.2776
	0.5005	0.1599	2.6057e-2	-9.7119e-4	0.4059	6.5008e-3	4.077e-2	-0.1644	0.1025	-0.4519	-0.3729	0.1084	0.231	-0.1536	-0.1771	0.1422	-0.386	4.6111e-3	0.2793	0.3747	-0.1992	0.3488	-0.2943	-0.1294	0.28	0.3048	-0.1022	0.2748	-0.4982	0.5237	0.1685	-0.2016	-0.1308	0.3794	-6.683e-2	0.4419	0.2684	-8.1063e-2	-7.7723e-2	-0.3183	0.1896	-0.2822	-0.4115	-0.1228	-0.489	-1.0527e-2	-0.2173	-0.3215	-0.4492	0.2525	-7.3682e-2	0.1014	-0.1739	3.0707e-2	6.9189e-2	7.6517e-2	0.2494	-4.4931e-2	-0.3665	-0.4174	0.4852	0.4495	-0.1138	0.1434	-0.3807	8.9575e-2
	-1.6758e-2	0.3854	0.3092	0.3193	-0.2354	0.1677	0.256	-3.5807e-2	-0.2114	0.19	0.1846	0.2194	-0.4687	-0.2208	-0.2036	0.3286	-0.3821	9.2941e-2	-0.1745	0.1189	-9.7149e-2	-0.1781	6.6607e-2	-0.3672	0.5712	0.2289	0.2866	-0.1077	-0.1097	-0.4105	-0.3799	0.3068	0.1008	0.3063	-0.3037	0.4182	9.4773e-2	0.311	6.3144e-2	0.218	1.642e-2	-0.4194	-0.2871	0.3216	-0.3517	2.32e-2	-0.4466	-0.2517	-0.1335	-0.3228	-6.4338e-2	-0.2775	0.376	0.4221	7.8825e-2	-0.108	-0.1651	-0.3948	-0.153	0.159	0.1056	-0.4547	-0.4313	-0.2013	0.2869	0.4038
	-7.4422e-5	-0.4393	0.4411	0.3445	0.2648	-0.2969	-2.277e-2	-7.5306e-2	-0.1331	4.4344e-2	-0.1803	-0.4606	-1.1026e-2	-0.4717	-0.4987	-0.4215	-0.2608	0.1992	-0.241	0.4851	0.1221	0.1921	-0.3679	0.48	-0.216	-0.24	5.0656e-2	0.2422	-0.2281	0.4852	-0.3232	0.1305	0.3684	9.5868e-2	4.1641e-2	-0.3876	0.2988	-0.4008	-0.4789	0.2856	0.3106	-0.4143	0.2899	6.3635e-2	0.3448	-0.3524	-0.4896	-0.4153	9.6271e-2	0.1125	0.4845	-7.0758e-2	-8.5326e-2	0.3528	8.702e-2	-0.3656	-0.4235	0.1823	0.3997	-0.5114	-0.4791	-0.1623	0.4103	-0.4413	-0.3374	0.163
	0.253	0.3174	0.4854	-0.4628	0.4051	0.3859	3.4171e-2	-0.4481	-0.4686	0.1034	0.1898	3.6958e-2	-0.3084	-0.1323	-0.1015	0.3834	-0.2676	0.1911	0.3483	-0.2353	-0.4293	0.457	-0.2379	-0.2548	0.3955	-0.1775	0.1721	0.1522	-0.1312	-0.4738	-3.1887e-2	0.2738	7.8769e-2	-8.6043e-2	3.7612e-2	0.4816	-2.5043e-4	0.3617	3.4452e-2	0.4447	6.934e-4	-0.2903	-0.3949	0.4178	-4.2619e-4	-2.1487e-2	0.1856	0.2896	0.4038	0.4304	-0.127	2.8301e-2	0.387	-0.193	-0.1507	0.2391	-0.1477	4.0886e-2	-0.3673	0.1816	0.1008	-0.2467	-0.1885	-2.9773e-3	-0.1864	-9.5059e-3
	0.493	0.4249	-0.1915	7.5611e-2	0.3076	0.3927	-6.3686e-3	0.4742	0.3934	-0.1562	-0.1913	-9.4328e-2	-0.3808	-0.4257	0.5168	0.4835	-0.3843	-0.3858	0.2568	0.153	-0.2555	0.1997	-0.3062	-2.9e-2	-0.3159	-0.4766	0.3176	-0.1318	-0.388	0.4105	9.0924e-2	-0.4966	8.5334e-2	9.7517e-2	0.2913	-0.2575	0.3078	-5.0535e-2	0.4853	0.1882	-0.2288	0.354	-0.3585	0.4507	0.3411	-0.2425	7.6761e-2	1.0294e-2	-2.4257e-2	-2.3923e-4	0.475	-0.1451	-0.2452	-0.3752	-0.4618	0.2276	-1.363e-2	0.2768	-0.2959	0.5131	-0.2278	0.2209	0.4448	0.5126	1.7645e-2	-0.2789
	-0.4425	-4.5296e-2	0.4281	-0.3649	0.5136	-0.4515	5.4085e-2	-0.2485	-0.4031	-0.1454	0.3134	0.371	0.2357	-8.9549e-2	-0.2049	6.0431e-2	-0.3901	1.7439e-2	-0.3351	-4.5752e-2	0.2552	-0.4917	0.5093	-0.5076	0.4926	-0.3564	0.4415	0.4755	-3.4239e-2	0.1992	0.1194	0.3764	-0.4371	0.4531	5.6676e-2	-6.709e-2	0.3966	0.4185	-0.1299	-0.277	-1.8417e-2	-0.3363	-0.1113	-0.1216	-0.4243	-6.4991e-2	8.351e-2	-0.2863	0.2145	9.8966e-2	4.3197e-2	0.3096	-0.1191	-0.2221	-0.1392	-0.2915	0.2671	1.3024e-2	-7.3531e-2	5.0353e-2	0.1021	0.3578	-0.2526	0.3618	9.9787e-2	0.208
	-0.1369	-6.6627e-2	0.325	0.3249	-0.1496	-0.4726	-1.2025e-2	0.4845	-0.2756	0.1183	-0.1143	-0.2902	0.1153	-0.2742	-0.3436	1.1455e-2	-5.8078e-2	0.1307	-7.5906e-3	-0.2969	0.1233	2.5529e-2	-0.3683	-7.205e-2	-0.1269	-0.4323	-0.2464	0.3641	-0.2026	0.214	-0.3504	0.2208	-0.3099	0.2472	0.1973	-0.4576	0.1801	0.1937	-0.3203	3.9879e-2	-3.6908e-2	0.1999	0.3334	0.4086	-8.5122e-2	9.0821e-2	2.4051e-2	0.1732	0.2441	0.4336	-0.4129	0.2612	-0.3831	-3.5612e-2	-0.2351	-0.1953	-8.1542e-2	0.1113	0.4451	0.321	-0.2703	0.4283	3.3198e-2	7.8945e-2	0.2408	-0.4851
	0.1627	-0.2295	0.2002	-0.3018	-0.5427	-0.237	0.1251	0.2828	0.4357	0.3254	0.192	-0.4173	0.3665	0.4002	-9.3713e-2	6.7584e-2	0.2546	-0.1406	-2.0492e-2	-0.3129	-0.1779	-3.0058e-2	0.3245	8.0106e-2	-0.1333	0.2455	0.2777	-0.3317	0.4169	0.4186	-0.1053	0.3831	-0.1267	0.1389	-3.0694e-2	0.2046	-0.127	0.1624	0.1046	-0.2566	5.6179e-2	4.1041e-2	-0.1658	-0.1791	-0.34	-0.3038	-0.3345	1.2578e-2	-0.4345	0.3081	-0.2712	0.2129	-3.4582e-2	-0.1191	-1.7222e-2	-6.0347e-3	2.0426e-2	-0.4408	0.2287	-0.2914	0.4563	-0.1136	0.1727	-0.3361	-5.6631e-3	0.5371
	2.2101e-2	-0.2182	0.1102	0.3513	-0.1591	7.8218e-2	2.7379e-2	-0.4313	-0.3226	-0.2099	0.1386	-0.2206	0.4181	0.3614	0.3577	6.8806e-2	0.4521	0.2105	-0.446	0.2366	-7.4276e-2	-0.2135	-6.6527e-3	0.1375	-0.1443	-0.4145	9.0832e-2	-3.4236e-2	0.1534	-0.4099	0.3852	-0.2526	-0.355	0.3909	-4.8407e-3	-6.0477e-2	0.4438	0.3483	0.349	0.1932	-0.1341	0.114	0.3063	0.4001	0.3466	-1.3553e-2	-0.1335	-0.1607	6.5462e-2	-6.5539e-2	0.3242	-0.2255	-0.1834	0.2917	0.3377	-0.1194	-0.31	-0.338	-3.7379e-2	0.1748	-0.1392	-0.381	0.102	1.4878e-2	-0.4739	0.4128
	0.3772	-0.2828	-0.3159	0.5104	-0.147	0.2753	-0.2451	-0.1338	-0.4477	-0.1346	0.3904	-0.4408	0.463	-0.4753	-0.2271	-0.4767	-1.5193e-2	0.1478	-0.2871	-0.3223	0.124	0.3542	-0.2468	0.1908	0.1132	3.3446e-2	-1.0098e-2	-4.7904e-2	-0.5172	0.3753	0.3837	0.1036	5.1708e-2	-0.1635	-8.67e-2	-0.3345	-0.2178	0.3317	5.4097e-2	-9.7396e-2	0.22	5.6171e-2	-0.3179	0.3924	-0.381	-0.2289	0.3329	0.2616	0.4385	-0.4764	0.4125	-2.2911e-2	-0.3441	-0.1765	0.3568	0.4272	-0.3826	5.2936e-3	-0.2669	0.3213	1.0622e-2	3.6538e-2	0.1273	-0.4776	-2.5668e-2	0.1871
	-7.3317e-3	-0.3921	5.5026e-2	0.2174	0.4674	-0.4043	-0.2582	0.3844	-0.4598	8.7205e-2	0.1341	-0.448	0.353	4.582e-2	0.1323	0.4987	-0.1746	-6.7605e-2	-0.1936	0.3174	-0.3519	-0.2075	-0.3912	-0.2313	0.2175	0.292	0.1968	-0.2986	-0.4513	0.4064	-6.4689e-2	0.4228	0.4147	0.1479	-0.4602	0.2999	3.9052e-2	9.2578e-2	-0.2487	0.331	-0.2009	-0.1053	0.4656	8.9736e-2	-0.444	0.1976	-7.5341e-2	-0.2577	-0.4651	0.2392	0.1601	0.4454	-0.12	-0.2335	0.5006	-0.2504	0.33	-5.8836e-2	2.7906e-2	0.3191	0.1973	0.3231	-6.418e-2	5.4941e-2	-0.3878	-0.1487
	-0.2373	3.9574e-3	4.4063e-2	-0.2306	0.5353	-0.1468	-0.1113	0.2519	0.3781	-0.1534	1.2855e-2	-0.1936	-0.2223	0.1784	9.4548e-2	-0.3162	4.3755e-2	0.1693	-0.4774	-7.754e-2	0.4371	0.4905	0.1888	-0.3432	-0.5188	4.8454e-3	5.0071e-2	0.2367	0.3529	-0.1559	4.9911e-2	0.2838	-0.4665	0.475	-4.3977e-2	0.2017	-0.2024	0.3357	0.2912	6.8643e-2	-0.5415	0.3418	0.1325	0.1362	-0.1914	-0.1299	0.3075	0.2092	0.51	0.2663	-3.1503e-2	0.4566	0.3507	-9.2028e-2	-6.5057e-3	-0.2876	-6.5887e-2	-0.4344	0.4142	0.1012	-0.3463	0.3948	-7.2471e-2	0.4707	-0.1439	-3.7114e-2
	0.1811	0.2411	-0.2104	0.1243	-0.4834	-0.508	-3.4235e-2	0.4053	-3.8263e-2	-0.5069	0.2951	0.1975	4.9507e-2	6.2907e-2	0.4417	0.1354	0.1606	4.0935e-2	0.3111	-0.248	-0.1973	-0.2814	-0.2022	2.0034e-2	-0.4257	0.2141	3.5998e-2	-0.5151	-0.1936	-6.4942e-2	0.114	0.2485	-0.4325	-0.4073	0.4385	-0.2879	0.2213	-0.2344	0.1622	-0.1124	8.2265e-3	-0.3571	-0.4989	-9.9393e-3	-0.3687	0.3324	0.164	3.6549e-3	-9.8038e-3	6.7448e-2	8.9233e-2	0.1935	-0.2012	9.1662e-2	0.3902	0.3028	-3.2287e-2	5.3721e-2	3.0212e-2	-0.2685	0.1988	-0.494	-0.4197	0.1762	-0.3807	-8.3256e-2
	0.46	0.1806	-0.5	-0.4365	-9.6432e-2	-0.4998	0.2801	-0.3043	-0.3665	-0.4569	-0.1225	-0.4027	-0.3933	-0.2456	0.3635	-4.3833e-2	0.2054	-0.2502	0.3899	-0.3671	-0.4149	4.1715e-2	-3.9264e-3	2.0514e-2	0.5041	-0.2748	0.2577	-0.4474	6.9423e-2	-0.2466	0.4282	0.4256	0.205	0.1559	7.591e-2	-5.3219e-2	-0.1271	-0.1896	0.1707	6.5341e-2	-6.6398e-3	0.3463	-0.2973	-0.3219	-0.3718	-0.4843	-0.2066	0.2933	0.2761	6.6667e-2	2.4538e-2	0.4401	0.3889	-1.9536e-2	-0.3705	-0.1633	-0.1958	-0.3295	-8.5855e-2	0.2256	0.3413	0.2147	-0.1998	-0.4162	-0.3938	4.8891e-2
	-0.1375	-0.3992	-0.374	-0.2894	0.463	-0.3162	-8.4827e-2	-0.2118	-0.3628	-0.3847	-5.0676e-3	0.3762	-0.4676	-0.1216	-0.3782	-0.3206	-0.1617	-0.3975	-0.3145	-0.5201	-0.4412	-0.3761	7.0276e-2	-0.4409	-0.2017	0.2385	-0.2382	0.1742	0.184	-0.4458	-0.32	-4.9104e-3	5.5516e-2	4.1443e-2	0.1304	0.4444	-2.4259e-2	8.8853e-2	-0.2925	0.4807	-6.2356e-2	2.7433e-2	-0.3989	0.4732	-0.4108	-0.2719	3.1911e-2	0.1251	0.1298	-0.471	0.2293	0.2101	-0.5366	0.1626	0.5176	-0.176	-0.3784	0.4451	-0.3861	-0.3089	-8.8006e-2	-0.3469	0.3362	0.2596	7.7473e-2	-1.878e-2
	0.1235	0.1614	0.1815	0.3762	-0.2736	-0.237	-0.4922	0.1132	0.2655	0.2154	-0.4867	0.4674	-0.1955	0.3796	4.9779e-2	4.4997e-2	-0.3955	2.542e-2	0.5184	-0.1396	-0.5061	-0.3358	6.9677e-2	-0.3593	-0.2071	0.3342	-3.0553e-2	0.3541	2.4748e-2	0.3425	0.1158	0.4497	-0.2523	0.1778	-0.1932	-0.3133	-0.1913	-1.5898e-2	0.2613	0.494	7.4418e-2	-0.37	-5.9099e-3	6.7919e-2	-0.2175	7.6634e-2	-0.152	0.2685	3.4212e-2	-0.3374	-1.0386e-5	-0.4096	9.0491e-2	-8.095e-2	-0.4658	0.1324	0.1531	-0.4779	9.6673e-2	-0.2048	-0.3578	0.3498	7.0059e-2	-0.3303	5.4156e-2	-2.1724e-2
	0.15	-0.2151	-0.108	0.4892	0.4909	-7.0329e-2	-4.9656e-2	-0.273	0.475	-0.1031	-0.2765	0.1769	7.1801e-2	-0.3786	5.7827e-2	-0.1602	0.2436	-0.2476	0.3241	0.1876	0.2243	5.0076e-2	0.3808	-2.8543e-3	0.2996	-0.3305	0.2261	-0.3928	8.8098e-2	-6.4585e-2	-0.1557	0.2389	0.3003	0.1522	-0.1399	-0.4956	-0.417	-5.2912e-2	0.1285	-0.4675	6.4986e-2	0.1585	-9.4387e-2	-0.1308	2.7363e-2	-2.3369e-2	-0.2237	-0.401	-0.3589	-0.2287	0.306	-0.4181	-0.4001	2.964e-2	-0.4132	-0.4793	-0.3047	-0.3344	-0.1865	0.2471	-0.2107	-0.1978	-0.3477	-0.473	-0.1925	-0.3537
	-0.1037	0.125	0.2487	-0.3298	0.1003	-0.3649	5.9312e-2	-0.1868	4.4811e-2	-0.2756	-0.4531	0.4955	5.0909e-2	0.3014	-0.351	-0.2981	0.2703	-0.1104	0.1896	6.4276e-2	0.4083	-0.2836	-0.168	-8.903e-3	-0.1779	-6.9507e-2	-0.4455	-0.2703	-0.4319	-0.1542	-0.2952	0.2668	-0.4213	-0.2472	-0.5292	0.2519	-0.1996	0.1873	-0.3528	0.2665	-0.5471	-0.3223	-0.1114	-0.4396	0.2635	-0.4328	1.8022e-2	0.2942	-0.1135	-0.1607	0.3558	0.1555	-5.5186e-3	-3.0117e-2	-0.1712	0.4633	0.3701	0.428	0.2705	0.3481	0.1314	-0.4555	0.262	8.3425e-2	0.1733	-0.2208
	-0.4335	0.2829	0.192	-9.8454e-2	0.5308	-0.439	0.2014	0.2657	0.5371	8.9961e-2	0.5089	-0.2733	-0.1848	-0.3747	0.293	3.6437e-2	0.3643	-0.4899	-0.2839	4.264e-2	0.4637	0.2157	0.3258	0.497	-0.2745	0.2738	-0.3022	-3.3399e-2	-0.2465	-0.3316	-0.1434	0.2703	-0.2106	-0.1823	-0.139	0.2824	0.4355	-9.6527e-3	-0.4324	-0.3445	-0.2139	-0.2928	0.2491	9.8393e-2	-0.4945	-0.2145	-8.7104e-2	0.3138	0.171	-0.2084	-0.169	-7.9829e-2	0.2289	0.2698	-0.4773	0.1624	-0.1195	0.1524	0.5278	5.3018e-2	0.3114	-8.898e-3	0.576	-0.4649	-0.2037	-0.1183
	0.4273	0.453	-0.198	-0.2061	0.4307	-0.2504	-5.4926e-2	0.4141	0.1479	0.4161	-0.3048	-0.3385	0.374	-0.386	-0.3736	-0.4703	-7.0611e-2	0.1835	0.3701	0.1145	0.4183	-0.4834	0.3348	-0.413	-0.4448	-0.1962	4.0151e-3	0.5005	0.3102	-0.1862	6.7513e-2	6.0684e-2	0.4191	-7.0202e-2	-4.1425e-2	-0.1109	0.4369	0.2624	-0.3355	0.2527	0.2848	1.7264e-2	-8.4269e-2	8.3272e-2	-0.4384	0.2794	-0.3117	0.337	-0.1262	-6.4314e-2	-0.2068	7.1134e-2	-9.5226e-2	0.311	-0.3492	4.5699e-2	0.4863	-0.4554	5.4706e-2	0.3925	-0.1276	0.1921	-6.0028e-3	-0.1129	0.3072	-0.2245
	0.2922	-0.3629	-0.4805	0.2473	0.1144	-2.2645e-2	0.1183	-0.2442	-0.4314	-0.2541	-0.3962	-0.4464	-0.3309	-0.3313	-0.4964	0.4688	0.331	0.4902	2.5947e-3	-0.3062	0.1662	0.472	7.3741e-2	0.3217	0.4379	-0.2967	-3.6129e-2	0.2412	-6.8195e-2	8.008e-2	-0.2905	0.3897	0.4612	-0.1653	0.396	-0.1101	-0.2298	0.3882	-0.292	-0.2476	0.15	0.197	-0.3632	0.4849	0.1187	-1.5594e-2	-0.3124	2.6703e-2	-0.1389	0.1183	1.703e-2	0.2774	-0.4441	-0.108	-0.3875	-0.4166	0.4841	-0.2392	0.4449	0.1267	0.4463	0.4729	0.3186	0.4903	-0.4898	-0.1592
	1.6397e-2	-5.3788e-2	0.2489	-0.2067	0.5626	-9.9409e-2	0.2328	6.8542e-2	0.3986	-0.3113	0.3601	-0.1797	7.4626e-2	0.4785	0.155	0.3161	0.4471	0.1052	9.6053e-3	0.2671	-0.3709	0.165	0.1202	0.2463	0.167	0.3579	0.1844	-0.1815	-0.2963	-0.4517	-0.292	0.1381	0.3444	-0.4907	-0.4584	0.2176	-0.1602	0.1595	-0.368	-0.4305	-0.1554	-0.3371	-0.3327	-0.4552	-7.6101e-2	-0.1741	0.1755	0.1418	8.2361e-2	0.2887	0.1937	-0.3936	-0.1778	0.2504	-0.5284	-0.1364	-0.1188	-0.4107	-0.5466	0.129	-0.1619	5.9365e-2	-0.3264	0.3867	5.4401e-3	-0.5703
	0.252	0.5014	0.1089	-3.7737e-2	3.2448e-2	-0.1301	-0.1268	-0.3766	-0.3657	0.2646	-0.4138	-0.3697	-0.3604	0.1089	-0.4004	0.3628	0.3289	-0.4515	0.2993	-0.224	-0.1079	0.3808	9.6044e-2	-0.2244	0.3213	-0.3427	-0.4015	0.5166	0.5676	0.2601	-0.3737	-0.5231	-0.4137	0.2706	-0.6005	-0.2327	-0.4637	0.3327	0.2334	-0.2598	0.1216	-0.1149	-0.5388	-0.2904	0.5129	0.388	0.2506	1.2404e-2	3.9752e-2	-1.5797e-3	0.2643	-0.3941	8.4237e-2	0.3739	-0.3176	0.2327	6.1155e-2	-0.4799	-0.3184	0.4278	8.3308e-2	0.2889	-0.3312	-0.3614	-0.1599	-0.5038
	0.135	-0.4943	0.3119	-0.2161	0.2445	-0.4242	-9.3738e-2	-0.1933	0.1598	-3.5339e-2	-8.2899e-2	-0.3145	0.1111	0.3527	-0.1958	-0.3607	-0.3261	0.284	-0.1127	-0.4618	0.3773	0.1633	6.3154e-2	0.147	-7.8163e-5	-0.432	0.1362	-0.4264	-7.8828e-2	4.4884e-2	-8.7613e-2	0.1942	-0.3187	0.2132	0.2945	-0.1109	-0.3981	-0.2557	-0.4379	-9.2378e-2	0.2143	0.2025	-0.2941	0.3907	0.4173	0.2497	0.1992	-0.1597	0.132	0.499	-0.126	0.3463	0.2209	0.3004	0.3312	-0.1555	0.274	0.1136	0.3813	-0.2184	-0.4388	-0.4185	0.2631	0.3661	-0.1208	7.2314e-2
	-4.1453e-2	-0.3947	0.4523	0.414	4.0583e-2	0.1183	7.4967e-2	-1.1343e-2	-0.4449	-0.3116	-0.1524	0.2353	0.3288	-0.3561	9.0081e-2	0.1608	-0.122	0.4577	-0.2469	0.5028	3.8182e-2	-0.4119	-0.408	0.1639	-0.2303	0.4334	0.4941	-3.2436e-2	-0.2995	0.3011	0.1905	-0.1786	9.6097e-3	-0.1221	0.2602	0.2825	0.1547	0.1168	1.9593e-2	0.3911	-0.2265	-0.4568	0.445	0.4637	-0.1153	8.9834e-2	0.1739	9.16e-2	1.38e-2	4.7098e-2	0.2686	5.1906e-2	0.474	-6.23e-2	-0.2776	-0.2896	5.1617e-2	0.4859	-0.2593	-0.4299	0.3368	-0.3186	-0.273	0.4736	2.1945e-2	-0.3171
	0.1838	-2.6812e-2	-0.4688	-0.3189	0.4493	0.3455	0.1405	-0.4353	-0.3493	0.1196	0.1825	-1.6078e-2	7.4656e-2	0.3527	9.6197e-2	-0.3259	-0.2022	-0.4689	0.2928	-0.1689	-0.2234	-0.3929	5.3307e-2	0.3261	-0.122	0.2061	-9.8969e-2	-0.137	-0.3806	-0.4278	-0.3363	0.122	-2.9677e-2	5.4156e-2	-0.3053	-0.3702	-0.3561	-0.4992	0.4697	8.963e-2	-0.2121	8.5997e-2	0.1137	-0.3819	-3.8634e-2	9.6173e-2	1.5596e-2	6.6216e-2	-0.1303	-0.3437	0.1049	-0.3962	0.2834	1.4347e-2	-0.2178	-0.1075	-0.235	-0.2186	0.2829	0.1204	-6.3232e-2	0.2188	-0.3883	-0.2294	0.4514	0.3725
	-0.2478	0.2557	0.4896	-9.1757e-2	9.7245e-2	0.1196	0.3197	0.3024	0.1852	-0.2581	-0.4226	2.637e-2	-0.3712	2.0728e-2	-0.2717	9.4826e-3	0.2203	-5.5757e-3	8.5421e-2	-6.743e-2	-0.4714	0.494	0.1702	0.4923	2.6513e-2	-9.6392e-2	0.1512	9.917e-2	0.4991	-0.2087	-3.8009e-3	5.7106e-2	-4.4299e-2	8.4568e-2	0.1805	-9.6358e-2	-3.5705e-2	4.0995e-2	3.1016e-2	0.1808	0.2724	0.1029	0.1949	-0.4111	0.179	-0.3938	2.3149e-2	-0.2897	-1.1203e-2	0.449	0.3029	-0.1064	-0.3731	1.8335e-2	0.1466	0.1516	0.3418	-0.4914	3.97e-2	-5.2812e-2	-0.2176	6.9681e-2	0.2181	0.5088	7.6544e-2	-0.4265
	0.1807	0.3716	0.4297	-0.3022	0.3121	-0.3219	0.4351	0.414	-0.2766	0.2777	-0.3034	-0.3479	-0.1329	-0.1774	-0.1303	0.2249	0.2287	-0.2723	0.1686	0.3866	9.6673e-2	-0.1058	0.4401	1.288e-2	-0.3891	0.3877	0.3421	0.3959	0.3223	0.1354	2.4504e-2	4.0128e-3	-0.1491	0.503	-0.1299	-0.2658	0.4515	-0.3483	0.4212	6.7014e-2	-0.2069	-0.3165	0.4514	0.4543	0.3547	0.4053	0.2216	4.3606e-2	-0.5065	-0.1879	-0.472	-0.4723	-8.6157e-2	-0.4128	9.9376e-2	-0.352	-1.8818e-2	0.4896	0.2744	4.7381e-2	-0.2373	-0.1796	0.1431	0.1923	9.3213e-2	-0.4143
	0.5243	0.104	0.52	9.2221e-2	0.2595	-0.1531	-0.519	-0.2925	-0.3943	-0.3403	-0.417	-0.4685	-0.4328	-0.2856	-6.2421e-2	0.4131	0.5304	0.3666	-8.7176e-2	0.5233	-0.4497	4.0722e-2	-0.4248	0.2825	7.1504e-2	0.2151	-0.4596	0.4714	-0.137	-0.3496	7.3111e-2	-7.8307e-2	-6.2833e-2	-3.5614e-3	0.4672	3.392e-2	-0.3323	0.3101	-0.176	7.1921e-2	-0.3819	8.6166e-2	0.3407	-0.5156	-0.4567	-0.2814	-0.3192	0.1468	0.4186	-0.3613	-0.4893	-0.1933	0.3042	-0.2495	-0.4229	-0.2929	3.2962e-2	0.4213	-0.234	-0.2042	0.2785	0.1969	0.3385	-0.2038	0.3273	-8.2494e-2
	-0.3008	0.2228	0.4273	0.1965	0.1646	-0.4668	0.2432	0.2393	-0.2147	-0.4007	-0.2285	0.3797	0.4225	-0.1707	-0.488	-5.0157e-2	-2.8894e-2	-0.5445	0.3787	0.5295	-0.3257	0.3006	0.118	0.4393	-0.4038	1.2852e-2	0.3034	0.3294	-9.8801e-2	0.1776	-1.4371e-2	0.3269	-0.5011	-0.4508	0.1815	-9.7875e-2	-0.2815	-5.8512e-3	0.184	5.0905e-2	0.3679	0.4932	0.2262	6.4048e-2	0.4958	0.215	0.2347	4.7618e-2	0.1847	9.6139e-2	-0.3132	0.3821	8.5661e-2	0.5132	0.3229	4.8832e-2	-0.13	-0.1755	-0.238	-0.2046	0.2605	0.2983	0.4046	-0.2493	0.2855	-0.2414
	-0.2938	0.3833	-0.4017	0.3105	0.319	-0.2737	-2.2282e-2	-0.4901	-0.2094	0.1287	0.2396	0.1933	-0.1284	0.1834	-0.1865	7.0988e-3	0.4094	-0.2706	-0.3101	-0.4146	-0.1192	5.6883e-3	0.1336	-5.8693e-2	-0.1498	-0.3832	0.1246	0.3234	-2.2859e-2	-0.2739	4.9326e-2	-0.3755	-0.5036	-0.1027	0.4549	0.3711	-9.3783e-2	-0.1038	8.336e-2	-0.3069	0.1618	-1.5383e-2	-8.8276e-2	-0.3386	-0.318	-0.141	-0.4333	0.1574	8.4772e-2	0.3204	0.2468	-3.3603e-2	-0.2153	0.2064	-0.2677	-5.7966e-2	-0.1856	-0.29	0.2697	-0.226	-3.5551e-3	-0.2767	0.3665	5.7217e-2	-0.4916	-0.1753
	-2.0637e-2	-0.4806	0.3962	-0.4655	-0.341	-0.1464	7.1532e-2	0.3407	-0.1043	0.4476	0.4625	-0.4689	-0.358	5.8069e-2	-0.4535	-0.4944	0.4786	0.4424	0.241	4.4883e-2	0.1997	0.3337	8.9257e-2	0.3028	-0.3387	-0.3342	-0.2643	-0.1079	0.4205	-0.1817	0.4061	-0.1696	0.2676	0.1918	0.3831	-2.4521e-2	0.2138	1.8804e-2	0.3735	0.2125	0.2863	9.7242e-2	-0.2291	-0.1229	0.5218	-0.3319	0.2202	5.9678e-2	-0.2459	-1.3294e-3	-0.2439	0.2362	-0.3544	0.383	0.224	0.4276	0.3881	0.4869	0.3719	0.1204	0.4587	-0.3404	0.2729	0.3292	-0.2424	-0.2886
	0.4074	3.2742e-2	7.8342e-3	-5.3044e-2	0.1928	-0.1282	-0.2905	-0.3952	0.3001	0.3156	-0.4549	-0.3281	0.3078	0.2596	9.6421e-2	0.3832	0.1781	-0.1973	5.9055e-2	0.4131	0.2477	-0.2393	0.1126	7.3755e-2	-4.1043e-2	-0.2521	1.944e-2	0.2788	-8.0971e-2	3.5188e-2	0.3021	0.4034	-0.3934	-0.4049	9.7507e-2	-1.2619e-2	0.3265	-0.4846	7.9327e-3	-0.3414	0.2638	0.3605	-0.1864	0.233	-0.2961	-0.4399	-0.298	-1.33e-2	-5.7137e-2	-0.2388	0.4231	0.4604	0.2824	-0.1622	0.5294	0.4832	-0.2297	-0.3245	-0.3513	-4.255e-2	-0.2707	-0.3917	6.5951e-2	4.667e-2	-0.1875	2.4046e-2
	3.8205e-2	-0.3949	0.4837	-0.3237	0.2186	-0.372	-0.3901	-0.2372	0.4021	0.3342	1.1864e-2	-0.3853	-0.4716	-0.1035	0.193	-8.263e-2	-0.3164	-0.4077	-0.3494	0.3434	-0.462	0.1714	-7.3357e-2	6.9357e-2	-0.4305	-3.9648e-2	-7.5879e-2	-0.1227	0.2902	-0.3044	4.7179e-2	7.9471e-2	0.4594	-0.1828	0.1356	-0.1748	0.4363	-0.406	-0.4271	-0.1305	-0.3335	-0.1971	0.3688	-0.1495	0.2787	-0.351	-0.157	3.3812e-2	0.192	-2.9593e-2	4.6201e-2	0.2361	4.6967e-2	0.2825	-7.5324e-2	-0.4403	-0.4203	0.3693	6.6633e-2	8.7017e-2	-0.3693	6.24e-2	9.7755e-2	-0.3796	-0.2209	9.3685e-3
	-0.1492	-0.2363	-1.4538e-2	-8.4133e-2	0.5524	-0.4215	-0.3909	-0.4286	-0.2589	0.4808	0.1366	0.2845	-0.3877	-0.4372	-0.4474	4.4536e-2	0.2621	-9.3452e-2	-0.2058	-0.3423	0.1636	0.1454	-0.4901	8.176e-2	-0.1832	0.1567	-0.303	-0.2039	0.5039	-0.2337	6.7054e-2	0.3937	-0.553	-8.773e-2	-0.2867	-0.4689	0.3559	1.6916e-2	-0.3619	-0.2612	-0.2048	0.1886	-0.4464	-0.2798	-0.1611	0.3098	0.3332	0.3459	0.1095	-0.4616	-0.4533	0.4348	2.0998e-2	0.1698	-0.3763	-0.2864	0.2155	0.3724	-0.4533	-0.1594	-3.8342e-2	-0.345	0.4989	-0.1428	-0.2687	-0.2198
	0.3421	-7.5873e-2	-0.2919	0.4521	0.14	-9.0273e-2	-0.3921	0.1748	-0.4591	0.2436	-0.2717	0.2654	4.4654e-2	-0.264	-0.2334	-0.4447	-0.5009	-0.163	-0.1134	-6.0838e-3	-0.2132	0.2972	1.2168e-3	-0.1017	0.1718	-3.1861e-2	0.302	-0.21	-0.194	0.4061	-0.4778	-2.3798e-2	-0.1752	0.4658	-0.2658	0.1533	7.8928e-3	-7.873e-2	-0.1789	-0.4627	0.182	0.3688	0.1052	0.1595	0.1814	-0.2709	0.3212	-0.3107	0.2159	0.3105	0.1528	2.2601e-2	-6.885e-2	-0.4574	-8.5256e-2	0.3799	-0.4969	-0.1374	-0.3548	-0.3681	-0.2585	-0.2384	0.2056	-0.3067	0.4011	0.2453
	0.3979	-0.1452	-0.5082	3.2218e-2	-0.1542	0.3679	-0.1636	-0.1572	0.3667	-0.1383	-0.196	0.1152	-0.1023	0.4255	3.1258e-2	0.1321	0.4703	0.29	-0.1262	0.2084	0.1637	-0.263	-8.8209e-2	-1.1175e-2	0.3109	-4.4791e-2	0.2309	-3.7274e-2	-0.2725	-0.1112	-6.863e-2	0.4314	-0.488	0.3485	0.2344	-0.1374	-0.3424	-0.4532	0.1827	-3.8804e-2	0.1813	0.4601	0.3686	0.3394	0.3501	0.4513	0.4628	0.1248	1.5943e-2	-3.0017e-2	5.4635e-2	0.4939	3.118e-2	0.2918	-0.1262	1.2312e-2	-6.3547e-2	-0.455	-0.1153	-0.4753	-0.378	0.4544	0.3618	-0.4429	-0.4681	-0.1045
	0.2773	-0.5073	-0.2752	-4.5298e-2	-0.5069	-0.2992	0.2811	-0.1821	0.2316	0.2937	0.1638	0.2475	0.4321	-0.1154	0.2848	9.7835e-2	-6.8743e-2	-0.2301	0.1238	0.4144	-0.1906	-0.3254	-0.3955	-0.2042	0.3658	-0.31	0.2317	-0.397	0.3423	-0.2265	0.4422	-0.2768	0.4563	-0.1612	-0.4365	9.8257e-2	0.1438	8.5591e-2	0.1714	-0.2927	-0.4321	8.7058e-2	0.234	-7.4599e-2	-0.1333	-0.2003	6.1072e-2	0.4336	-0.1321	-0.4085	0.315	7.0709e-3	0.168	0.2856	6.2627e-2	0.426	-0.436	0.1777	0.1413	-0.2988	0.2458	0.3802	-7.5948e-2	8.1266e-2	-8.2972e-2	0.5873
	0.1656	-0.1223	3.6415e-2	0.628	-0.2699	-0.2883	0.2409	-0.3784	-2.345e-2	0.4348	0.1647	9.8517e-2	0.3678	-0.5074	0.4041	7.9345e-3	-0.108	0.1768	0.4954	-0.4052	-0.4578	0.1866	0.3208	-0.4374	1.3158e-3	0.116	-8.2793e-2	-0.459	-0.2282	0.1348	0.1515	0.4269	3.54e-2	0.1046	-0.332	0.2294	-0.3869	-0.5071	0.3739	0.4743	0.354	-0.479	-0.3595	0.1591	-0.4735	-0.5839	0.4326	0.2687	0.3049	-0.2119	0.1348	0.226	0.4032	-0.1298	5.2281e-2	0.1977	-9.3945e-3	-0.4148	-0.1792	-0.1647	-0.2307	-0.1716	-2.7474e-2	-0.2759	-0.4763	-0.1773
	-0.1769	0.2417	0.1273	-0.3053	-0.3374	-0.4712	0.4774	-0.4595	-0.3426	0.2876	-0.2089	-0.2963	0.2343	0.5049	-0.4192	-9.2702e-2	0.3378	-0.3534	-4.8573e-2	-5.727e-2	0.3971	-0.302	-0.1486	-5.4885e-2	0.2484	0.2073	-0.4832	0.4165	0.3149	0.3833	0.2203	-0.4247	-9.1155e-2	0.4166	0.1805	-0.3155	-0.3709	-0.2771	0.1397	0.3171	1.8605e-2	0.1725	-5.4697e-2	-9.8673e-2	0.3756	-0.2012	0.441	0.3554	-0.2276	0.3366	0.4315	0.5076	0.4046	0.5574	-0.4738	-1.7566e-2	-0.2352	0.1471	0.1328	0.3894	-0.2815	1.368e-2	0.2231	-0.1079	0.2532	0.2594
	4.2711e-4	0.265	-0.3067	0.2363	9.4687e-2	4.6678e-2	8.0657e-2	-0.3886	0.4541	0.2497	0.1874	-9.7211e-2	-5.0359e-2	-5.4165e-2	7.9809e-2	-5.9778e-2	1.1922e-2	0.3543	-0.261	0.2324	-9.748e-2	-3.7775e-3	0.4451	-3.5261e-2	-0.268	-0.3288	5.3212e-2	0.2073	-0.3091	-0.4784	-7.6274e-2	-0.4941	-1.0912e-2	0.1289	0.3344	-0.264	-0.4475	-0.147	-1.0526e-3	0.4305	7.2171e-2	-0.1438	7.176e-2	0.4684	0.4443	-0.4958	-5.8607e-2	0.4917	0.3501	-0.4519	-0.106	-9.3753e-2	-9.2123e-3	7.994e-2	-4.4808e-2	7.1223e-2	0.3198	-0.4658	-0.4255	-0.1855	-8.548e-2	-0.4696	-0.3624	0.3033	-0.1469	0.1556
	0.1767	0.2345	-0.1667	-0.2678	-0.1846	-8.1226e-2	8.9284e-2	-0.434	0.2483	-0.47	-0.4896	0.296	-0.1325	-0.1015	-0.1711	0.4084	0.4109	-0.1627	-0.4457	-0.1801	-0.3181	-0.2082	-8.0066e-2	-0.2063	0.3314	-0.4408	0.2054	-0.2047	1.5746e-2	-0.4849	-0.4728	-0.3362	0.2583	0.3072	0.1298	1.7425e-2	-0.4402	-0.4093	0.3485	-0.3904	-0.4776	-0.162	-0.4549	8.2497e-2	-7.6298e-3	-0.3497	0.2159	-0.1102	-0.1119	0.2192	-0.2196	5.3655e-2	0.1532	-0.4164	0.1608	-0.5099	-0.2945	0.2016	-0.4059	0.3792	-0.2688	0.2922	-0.2651	0.2523	-0.3821	-0.2813
	0.1168	-0.3709	4.1526e-2	0.3453	-0.1994	-0.2551	-0.1541	-0.3141	-0.1053	0.346	0.2732	0.1092	-0.2487	-0.2816	0.3402	-0.399	-0.1978	0.1248	-0.3792	-0.5762	4.397e-3	-0.24	0.2438	-0.5963	0.2964	-0.107	0.2547	0.3195	-0.2858	-8.9275e-2	0.3307	-0.4468	-0.1129	0.1124	-0.2217	0.2063	-0.3267	-2.7504e-2	-2.8771e-2	0.2614	0.2012	-9.726e-2	4.6223e-2	0.1647	-0.5022	0.2	-0.2533	0.442	5.98e-2	3.1628e-2	-0.4729	0.3428	-0.2573	-3.8299e-2	0.4689	0.1443	0.3485	0.4192	0.5995	-0.5362	-0.4226	-0.3637	-0.2236	-9.4381e-2	0.3056	0.5898
	0.4659	-0.4334	-0.2174	-0.1539	-0.4183	-0.2506	0.3319	-0.1964	-0.4398	-0.28	1.6004e-2	-0.2465	-0.2113	-0.2511	6.1324e-2	-0.2132	0.4084	-0.4175	6.8122e-2	0.2611	4.1579e-2	0.4118	0.469	0.1257	-3.8128e-2	0.3808	0.2004	-0.2552	6.4763e-2	5.5111e-2	4.2551e-2	0.1302	0.3344	-6.7452e-2	-0.2569	-0.3991	4.3188e-2	0.4768	-0.2228	0.2185	0.3032	-0.2104	-0.3227	0.2193	-0.1666	-0.4403	-0.364	-0.4461	0.3112	-7.5716e-2	-5.0717e-2	-0.3799	-5.0048e-2	-0.1124	-0.1283	1.4455e-2	0.4695	0.4501	0.1226	0.3267	-0.494	0.2408	2.258e-2	0.287	5.3717e-2	0.1687
	0.3892	0.3556	2.6844e-2	-0.1871	-6.641e-2	0.3015	2.5767e-2	-0.4779	-2.744e-2	0.2906	-0.1385	6.031e-2	-0.504	0.3757	0.3647	-0.2648	-0.1582	-0.2315	0.4079	-0.4565	-0.4424	0.1643	0.4169	-0.1268	9.412e-2	-0.406	0.2286	0.3186	0.2502	-0.3591	-0.3979	0.3239	0.153	0.4441	-0.278	0.154	0.2931	0.4048	6.1815e-2	0.2468	0.3372	-0.3902	-0.4312	0.4333	-3.246e-2	0.2002	-0.3696	0.4687	-3.1233e-2	-0.4121	0.1708	0.293	-0.1831	-0.1079	0.4525	7.2018e-2	0.2361	-0.5365	7.4195e-2	0.2631	-8.8023e-3	-0.2901	-0.119	0.2022	0.354	2.1526e-2
	0.4468	-0.113	0.4885	0.4838	-0.4518	0.141	0.1486	-1.6666e-2	6.2019e-2	0.1271	0.1252	0.3601	-0.2898	-0.4089	-7.0136e-2	-0.2818	4.2222e-2	-1.5533e-3	0.2098	0.1078	2.5483e-2	-0.1207	1.3873e-2	9.8809e-3	-0.144	-0.4994	-0.3376	-0.2225	-0.1518	-0.2695	0.4265	-0.1229	0.4118	-0.4538	0.2214	0.2584	-3.8397e-2	3.4179e-2	7.991e-2	-0.3785	-0.3834	0.4884	0.4423	-0.126	0.3917	0.2679	4.3888e-2	0.4113	-0.1039	0.3241	-0.4494	0.136	0.4509	0.4428	0.3452	0.4739	-0.2985	-0.4861	0.4157	-0.4475	-0.2894	-0.3926	4.2054e-2	0.4557	-0.2766	0.2883
	-0.4039	-0.1904	-1.6297e-2	-0.2646	0.2556	8.9288e-2	-0.3195	-0.217	0.1258	-0.3331	9.1701e-2	0.2446	-0.4459	4.7092e-2	-5.2801e-2	-0.3226	0.4726	0.2317	-0.4739	0.2009	0.3314	-0.4156	1.6981e-2	-0.1285	-0.2971	-0.3907	-0.3408	5.3662e-3	-0.4429	8.3982e-3	0.4847	0.1212	7.2205e-3	-0.1089	0.1432	0.1069	-0.5098	0.4037	0.402	0.2389	-0.1036	-7.2312e-2	0.2508	-0.3105	-5.036e-2	-3.1163e-2	-0.2018	-0.2709	2.7385e-2	-0.2473	0.3301	-0.1993	-0.3087	0.148	-0.3641	0.4449	-4.8989e-2	0.2632	-0.1178	-0.1146	-2.7115e-2	0.1179	0.1895	0.4494	7.7632e-2	3.5942e-2
	0.2842	0.3197	-0.3833	0.4732	0.2275	0.2351	0.4513	-0.4028	0.3539	0.217	-0.3132	-0.2428	-3.083e-2	-0.4955	7.0932e-2	0.2475	-0.412	-0.3179	-0.2692	0.244	0.3271	-1.6006e-2	8.0869e-2	0.4373	0.2125	1.0889e-2	-0.4884	0.4563	0.225	-0.3156	-0.2716	6.3113e-2	0.1827	-0.4849	0.2019	0.3358	-0.4558	2.4352e-2	-0.36	0.4355	-0.1427	-0.2781	-0.1783	-0.1203	0.3679	-0.2459	-0.1871	0.4549	-0.1439	9.5995e-2	-0.2929	-0.1521	-0.4204	0.3767	-7.9571e-2	-0.4583	-0.1157	0.4685	-0.3876	0.1885	-1.9211e-2	-0.3824	0.1387	5.6034e-2	0.3792	0.5171
	-0.3034	-0.4766	3.588e-2	0.2633	-3.0049e-2	0.4288	-0.3647	-3.3382e-2	-0.3155	0.3585	0.4277	-0.1072	0.2024	-0.4471	-0.1561	0.5022	2.0308e-2	-0.3499	-0.3406	-0.1839	-9.4639e-2	0.3088	0.1029	-0.2431	-0.4126	-0.4099	0.2556	0.4035	0.1121	-3.8512e-2	-0.4439	0.2973	-0.3419	-0.464	-0.4698	0.2875	-0.1067	0.1307	0.4072	-0.225	-0.3266	-0.1635	-0.3883	-0.1281	-0.3576	0.3596	0.1669	0.3274	-0.3792	0.2157	-1.2172e-2	0.1039	-0.3483	0.3941	0.2334	-0.2322	0.3472	-0.2831	0.3799	0.264	-0.2104	-0.1265	-0.1584	-0.4771	2.2611e-2	-0.6472
	-0.2258	0.4322	-0.3277	-0.1415	-0.493	0.1192	0.4454	0.3339	0.2961	9.9528e-2	2.6038e-2	0.3016	-0.364	-0.3167	-0.2406	0.1629	-8.3642e-2	0.373	-0.4285	-0.287	-0.4375	0.1996	-9.6771e-2	0.3757	-0.1491	2.2765e-2	-0.504	0.3835	-0.1152	-0.4737	0.3157	0.2769	-9.0506e-2	-0.1372	-0.4346	-0.4072	-0.2014	-0.2695	-0.2456	0.3609	-0.1726	-0.2226	0.1423	-0.3637	7.0008e-4	-0.3568	-0.3202	0.185	-0.177	-0.1183	0.2185	-0.4403	0.3497	-0.1862	-0.2131	0.3418	8.4131e-2	-0.1011	-8.9784e-2	-0.387	-3.8583e-2	0.3485	0.3452	0.3519	-0.1702	0.1822
	-0.3589	0.5009	-0.1789	0.3793	-2.6269e-2	0.4095	0.4075	0.2924	0.3171	0.1087	-0.2105	-0.1588	8.843e-2	0.3348	-0.3092	-0.3593	0.2947	-2.8253e-2	-2.7125e-2	-0.2721	0.3776	-0.343	0.2673	0.3507	0.3429	0.1379	-0.4549	9.6613e-2	-9.6346e-2	1.8908e-2	0.2447	-0.2966	-0.4549	-7.1846e-2	0.3055	-3.46e-2	-0.146	-6.5081e-2	-0.4713	0.227	-0.1689	2.1208e-3	-2.1852e-2	0.4289	1.9639e-2	0.423	-0.2511	0.3986	0.2384	-0.1856	0.3358	-0.293	-0.4073	-0.1404	-0.1752	-0.2291	-0.3764	5.8739e-2	0.2039	0.4362	-5.4152e-2	-3.4425e-2	-1.1304e-2	-4.7173e-2	0.1306	2.9051e-2

	0.4283	-4.6571e-2	-0.1501	-0.3083	-0.3593	-0.227	0.3285	1.969e-2	1.6671e-2	0.4637	-0.4944	-0.1881	0.1405	0.1864	-0.3374	-0.1146	-0.3595	-0.4968	-0.2403	0.3423	-1.3199e-2	0.385	-0.3502	-0.3858	0.2857	8.396e-2	0.4965	-1.2667e-2	-0.3913	7.6967e-2	0.2985	0.1802	-6.6078e-2	-6.6669e-2	8.3885e-3	-0.4106	0.4082	-0.3663	0.1408	0.1291	0.4494	0.3562	0.3315	0.4571	0.4587	-0.3789	-0.295	-0.2111	-0.3856	-4.0108e-3	-6.4527e-2	-0.3063	0.3094	-0.1132	0.4994	-0.1411	3.924e-3	-0.4996	-0.1399	-5.4638e-2	0.3853	0.2902	-0.3034	6.6652e-2	0.1082	0.4618
	0.4049	-0.2885	4.1255e-2	-0.417	-0.418	0.4884	0.2519	-2.0639e-2	-2.1364e-2	-0.371	-0.3724	0.4292	0.1655	-0.2352	-0.1477	-8.9679e-2	0.152	0.3357	0.1189	-0.3192	4.1688e-2	-9.397e-2	0.136	0.1014	-0.3374	-0.2305	7.0111e-3	-0.219	0.4415	0.2032	-0.3576	0.428	7.838e-2	-1.8103e-2	-0.1088	0.185	-0.4035	6.6863e-2	-0.2558	-0.1134	-0.2987	0.3657	0.4841	-0.1005	-0.1016	-3.4955e-2	0.313	0.3565	9.8913e-2	-0.2767	-0.2069	0.3733	0.4332	0.1524	9.2157e-2	-0.2476	0.3416	-0.3403	-0.3407	0.2502	0.1391	-0.4075	0.242	6.7677e-2	-4.4944e-2	0.2037
	0.3071	0.3878	0.1505	-0.3101	7.0992e-2	-0.2374	-0.4629	0.4925	0.4319	-8.954e-3	0.498	-0.3944	0.1143	-0.1487	0.3951	-0.4699	-0.4494	-0.2085	-0.1731	-0.221	0.123	2.5725e-2	-0.4828	0.241	2.6978e-2	9.0744e-2	-0.1121	-1.7381e-2	-0.3578	-0.1817	0.4403	-0.1057	0.1729	0.4174	-0.4369	-0.4118	-0.1644	0.3287	0.1498	-1.0571e-2	0.2155	0.1948	0.2552	0.454	0.4257	-0.393	-0.4162	-0.1935	-4.063e-2	3.7572e-2	-0.2885	-0.3857	-0.3934	0.3532	-0.4284	-0.1942	-0.452	-0.3051	-9.7041e-2	-0.4616	0.4644	7.8225e-2	-0.2491	0.2393	0.4936	-5.7744e-2
	0.1797	0.2517	-0.4888	0.1496	-3.1434e-2	0.4263	-8.8226e-2	-0.3365	0.1846	-0.4193	4.5157e-2	5.6356e-2	0.1764	1.4352e-2	-0.2027	0.1217	0.1313	0.45	-0.4391	0.2681	0.3604	-0.1542	0.181	0.281	-0.4591	-0.2327	0.2281	0.4505	-0.3323	-0.3926	-1.502e-2	-0.3479	-8.7354e-2	-9.8818e-2	0.4882	0.1353	-7.6915e-4	-0.4073	-0.3518	-0.4146	0.1129	-0.4425	0.2856	0.2891	0.1926	-0.2295	-4.3322e-2	-0.4182	-3.2778e-2	-5.9602e-2	-7.9134e-4	-0.1622	0.1609	0.2201	0.3577	-0.2792	-0.3341	1.3603e-3	0.3105	0.2361	-5.6842e-2	0.2883	1.3606e-2	-0.1575	0.2461	-6.3421e-2
	-1.5014e-2	0.4557	-0.3495	0.2576	-0.1613	0.2807	-0.2269	-0.226	0.4034	-0.2003	-0.229	-0.3347	-0.4463	-0.4263	-0.4152	-0.2584	-0.4679	-0.3154	-0.1919	0.117	-0.2645	6.2163e-2	0.4117	-0.3408	-0.43	0.1317	-0.5398	-0.138	-0.4603	0.1567	-4.0253e-2	0.4357	-0.1834	-8.2182e-3	-0.1758	0.1275	0.5164	5.57e-2	-0.3289	0.2821	0.1983	2.5987e-2	0.448	0.1232	0.1556	0.4454	6.3469e-2	0.2494	0.3807	-0.2224	-0.3997	0.2429	-0.1626	-0.1589	0.1345	0.2617	-7.2138e-2	0.3272	-0.1593	-0.4677	0.3747	-0.4778	0.3366	-0.4059	0.3629	-2.7569e-2
	0.2497	4.3128e-2	-0.1868	-0.2041	-1.3586e-4	-0.2094	0.4104	-0.1001	-0.3463	8.0055e-2	0.3613	0.3086	-0.4757	0.2303	-0.2936	-0.2487	-0.2918	-0.4974	0.324	-0.4718	0.1434	0.1504	-0.3835	-0.3028	-0.1998	7.0435e-2	8.1101e-2	-2.4673e-2	0.325	-8.4754e-3	-6.4851e-2	-0.1655	0.372	5.4106e-2	0.1565	-0.3338	0.438	-0.4606	7.7595e-2	-8.0297e-2	-1.768e-2	0.3829	0.4425	9.1732e-2	-0.1495	5.5416e-2	0.3686	0.4529	-0.2633	0.3145	-0.4719	6.5126e-2	-9.0194e-2	-4.1263e-2	0.1504	-0.1271	-6.7209e-2	0.3768	0.4181	-0.2394	-1.1125e-2	7.9028e-3	-0.4937	-2.6925e-2	0.3984	-0.1218
	0.3096	-0.2661	-0.4274	-0.1901	4.14e-2	-0.4406	-0.1363	-0.3746	0.2397	0.1482	0.2611	0.1834	0.485	0.26	-0.2423	0.4373	-5.0158e-2	-0.1483	0.4805	2.1293e-2	7.7379e-2	-0.168	-0.389	-0.2452	-7.5268e-2	0.3175	-0.157	0.4821	-0.4244	-0.3968	0.4106	0.338	0.2816	-0.4352	-0.2115	-0.3535	0.3477	-0.371	-0.3071	-0.3943	0.1424	-0.4161	0.1411	-0.4156	0.132	-0.511	-2.7118e-2	0.2481	0.1342	0.4438	-0.2682	-0.3638	-9.1933e-2	0.3406	0.2294	0.2756	-0.268	-0.4454	0.2562	0.4887	-0.463	-0.4646	9.94e-2	0.3261	-0.3099	-2.782e-2
	-0.216	-0.3533	-0.3946	-2.19e-2	-0.1836	-7.2938e-2	0.2958	-0.429	3.9868e-2	-0.3885	4.4226e-2	0.4218	0.1894	2.0235e-2	0.3534	0.3948	-0.4176	0.4036	-0.2855	-0.2513	0.3552	0.4704	0.187	0.4462	-0.403	-2.0001e-2	0.1876	-0.4725	0.368	0.4378	0.1813	-0.2686	-0.508	-0.1579	0.1456	-0.4309	-0.3168	0.1791	-0.1836	-0.1344	0.1292	0.2079	-0.4604	0.4413	0.4247	-0.5124	0.4228	-3.2136e-2	-0.3399	-0.2424	8.1523e-2	0.4087	0.1356	-0.4456	0.4667	-0.4536	0.198	-0.3177	-9.3577e-2	5.3978e-3	-0.3808	0.1699	2.4878e-2	0.4028	0.3213	-6.3218e-2
	-0.4447	0.342	-0.3747	-4.2892e-2	-0.1651	-4.1967e-2	-0.1675	-0.3393	-0.3961	-0.2369	0.4185	0.2992	6.6024e-2	0.1452	-9.2893e-2	0.2546	-0.2831	-0.1199	0.4226	-0.3601	0.3832	-0.2275	0.1115	-0.3789	0.2954	0.4645	0.171	-0.3697	8.2002e-2	0.3958	-0.1741	-0.2346	-0.3452	-0.249	-0.2096	-0.3787	0.1676	-4.8777e-2	-0.4386	0.2787	-0.115	0.2537	0.1597	-0.4427	-0.2526	-0.3396	0.3173	-5.4012e-2	-2.0448e-2	0.2316	-0.1613	0.3904	0.1409	0.2168	-6.2175e-2	-0.1478	0.3782	-0.3302	-0.3052	-0.437	0.2018	8.8953e-2	-0.3971	-7.3799e-2	0.4115	-0.3666
	-0.464	0.2004	-0.4275	0.368	-0.4954	-0.1792	0.1332	-0.4391	6.2346e-2	0.113	4.3072e-2	-0.1554	-0.2417	0.2142	6.1598e-2	-0.4381	-0.3519	0.3945	-0.4029	0.178	1.3396e-2	7.3884e-2	0.1998	8.2506e-2	-2.277e-2	-0.368	-0.4091	-0.4223	0.1928	-0.27	-0.1644	0.1244	-0.3952	0.377	0.4102	-2.3144e-2	-0.2609	3.3116e-3	-7.8387e-2	0.4957	-3.7944e-2	-0.3909	-0.3774	7.4273e-2	-1.7818e-2	-0.2097	0.1096	-0.3945	0.4722	-0.1488	0.3173	-0.1614	0.1781	0.3895	0.1043	0.2031	0.1108	0.3091	-8.9064e-2	-9.0913e-2	0.2813	0.4753	0.1323	-0.3964	0.4742	0.4501
	0.3195	0.2001	0.1015	0.3851	0.33	-0.4828	0.3002	0.2815	-0.4611	4.4288e-2	0.4783	5.9956e-2	0.3051	0.4408	0.3228	-0.1603	-4.9691e-2	-0.1335	0.2212	-0.1819	3.7372e-2	-0.3915	0.3355	-0.2089	-2.5141e-3	-8.1737e-2	2.3875e-2	-3.4114e-3	-0.107	-0.1645	7.0591e-2	-8.5798e-2	-0.2876	9.9583e-2	-0.33	0.1904	-0.2309	-0.3394	-7.0612e-2	0.2542	0.2807	0.2002	-0.4323	0.3496	7.759e-2	-0.3429	0.1657	0.1205	0.281	-1.2025e-2	-0.3527	4.6427e-2	0.4053	0.1671	-0.3802	-0.4131	9.9564e-2	0.4454	0.4335	-0.1103	-0.3157	0.1105	0.4579	0.2163	0.2767	-0.4687
	-0.1735	-0.1015	0.2808	0.363	-0.2788	3.9926e-2	7.9283e-2	5.1681e-2	-0.2317	4.7583e-3	-0.27	-5.8144e-2	-0.3785	1.5329e-2	0.3281	0.4403	0.4511	-4.657e-2	-9.4167e-2	0.2791	-0.3431	-0.1683	-0.4405	-0.2745	0.3297	-0.4929	-0.3245	-7.0516e-2	0.4086	1.7104e-2	-0.3134	-0.4085	0.3443	0.3231	0.1355	-0.3945	8.9864e-2	0.383	0.5112	2.6611e-3	-0.306	-8.9337e-2	-0.287	0.3543	-0.4076	-9.213e-2	-0.3345	-0.3228	-5.8083e-2	-4.8035e-2	0.4143	6.5401e-2	0.1576	9.2632e-2	0.3641	8.408e-2	-0.3446	-5.7931e-3	0.3417	0.5122	0.4701	-0.3135	0.4314	0.3782	0.1504	8.3298e-2
	-0.3014	0.1006	0.1079	-0.2826	-0.1894	0.211	1.8343e-2	0.3373	-0.5059	0.3992	0.4312	0.4238	0.4278	0.3989	-0.3667	-0.4216	-0.2676	0.1782	9.8188e-2	1.5191e-2	-0.4348	-0.1295	-0.2802	0.2103	0.3267	0.2343	-0.4517	9.4629e-2	0.1645	0.3262	0.4393	0.4635	-0.4105	0.2863	0.2918	-0.1168	-0.489	-0.315	0.5147	-8.7936e-2	-0.1665	-0.4727	-0.4681	-2.7976e-2	0.2875	-0.2709	4.3255e-2	-0.4047	-0.1891	0.1357	-0.1202	0.1728	0.1333	-2.7584e-2	0.2297	0.2152	0.4627	-0.384	-0.3053	0.3151	0.4428	-9.8378e-2	0.4567	-0.2546	-0.4395	-0.122
	0.4478	0.1361	0.3093	-0.3923	7.4716e-2	0.4275	0.2038	-0.3628	-0.2664	0.4901	0.1219	0.1314	0.4653	-4.3372e-3	-0.2248	0.4768	5.9779e-2	-0.1625	0.3862	-0.4714	-0.4454	-7.4854e-2	5.3557e-2	0.3936	-0.3912	-0.4786	-0.3134	-4.076e-2	-0.2945	-0.4662	0.2967	0.1448	-0.414	0.4125	-5.8705e-2	0.4567	-0.3668	-0.1331	0.2122	-5.004e-3	-0.268	-0.4421	0.3103	-0.2365	0.1514	-1.7989e-2	0.1211	0.2108	-0.489	0.3546	7.1438e-4	0.3797	0.4899	-0.1921	-0.4199	-0.3374	-0.4485	-9.8227e-3	-0.1257	-6.094e-2	-0.1599	-0.2387	-0.3524	9.204e-2	-3.4583e-2	-9.409e-2
	1.2996e-2	-0.4204	-0.2495	-0.4837	0.322	-0.3742	-2.9474e-2	-3.9584e-2	7.8518e-2	0.2735	-0.3953	-0.4028	-9.1343e-2	-9.096e-2	0.2289	0.3321	0.4775	3.4915e-2	3.4455e-2	7.1604e-2	-0.2236	0.3348	-0.1932	0.205	0.1437	-0.371	9.4028e-2	-0.3047	0.4686	-0.3456	-0.2608	0.2932	-9.6877e-2	6.8864e-2	-0.2478	0.1247	0.3597	0.189	-0.3496	-0.2071	-0.4747	3.8291e-2	3.3122e-3	0.1991	0.1391	-7.7371e-2	-5.4829e-2	7.513e-2	0.4487	0.1498	0.4083	0.4887	-0.4706	-6.5883e-2	8.4793e-2	0.4201	0.2803	-0.1872	0.4888	0.3545	-6.9764e-3	-0.4996	-0.1356	-0.1176	0.3874	0.1679
	9.2814e-2	7.7058e-2	0.1207	-0.4941	6.4608e-2	-0.2268	-3.1446e-2	0.1784	-9.1678e-2	-0.4326	-0.3149	-0.2701	-0.3641	0.2689	-0.4267	0.2672	-0.3102	-0.1447	-0.4566	0.1197	0.2701	6.6328e-2	-0.3961	-0.3094	-7.3187e-2	-4.4711e-3	0.2036	0.1827	-0.1646	-0.4091	-4.6722e-2	2.9539e-2	-0.1303	-0.2813	-7.2702e-3	-0.3612	5.8115e-2	0.1336	-0.2429	0.4084	-0.3459	0.4231	-0.3346	0.3563	0.3272	-0.2538	-7.3943e-3	-0.4823	-0.1138	0.3888	-0.3027	4.3687e-2	-0.3317	-0.1275	-0.2453	-0.1113	-0.2751	-0.3829	0.1791	0.3799	-0.3431	-0.3611	0.3809	0.2775	-1.8865e-2	0.4764
	0.3564	-0.4095	0.2099	-0.1996	8.7012e-2	-0.1214	-0.4721	-0.1789	-9.6942e-2	0.3684	0.2866	0.3721	-0.4795	-0.2417	-0.3402	-2.7823e-2	0.1398	0.1765	-0.3305	-5.1614e-2	0.4687	4.9752e-2	-0.2741	-0.4715	0.1465	-0.3845	-4.0785e-2	1.3234e-2	-0.362	0.2037	0.2088	0.2129	0.142	-6.0991e-3	-0.4643	-0.1991	-0.4189	0.3905	-0.305	0.1828	-0.4113	0.1145	0.1536	-0.1605	-0.1612	4.3477e-2	-0.4444	-0.4763	-0.1206	0.2824	5.0409e-2	0.38	0.4867	0.3072	-0.177	0.3692	-0.2439	0.2145	0.4835	-1.0192e-3	-9.8313e-2	0.3046	9.4897e-2	5.9052e-2	0.4898	0.2176
	-0.3525	-0.2694	-0.4086	6.2661e-3	-4.3376e-2	0.3991	0.2699	0.2287	-0.1475	-4.4328e-2	-1.6086e-2	-0.2664	0.222	-0.4598	0.4653	7.6912e-2	4.7685e-2	-0.3731	-0.4908	-0.1896	0.5026	0.1846	-0.1607	-0.2022	-0.4012	-0.4227	3.1788e-2	0.3559	-0.2684	-0.1727	0.2074	0.1021	-0.2172	-7.2098e-2	0.4277	-0.1984	0.164	-1.9293e-2	0.3569	-0.3566	2.7576e-2	1.0782e-2	-4.6326e-2	-4.0035e-2	0.4527	-0.4532	-0.3439	-0.483	0.2263	5.7288e-2	-2.6637e-2	2.2134e-2	0.2359	0.3799	0.3229	-0.3904	0.4019	0.3866	-6.3706e-2	-0.1917	0.2221	-8.822e-2	-0.3809	0.2245	0.1202	4.3846e-2
	-8.8166e-2	0.1256	0.1013	0.1845	-1.5372e-2	0.1145	0.2292	0.3942	0.4668	-0.4083	-0.1476	-0.4521	-0.3812	-0.3635	-0.228	0.151	0.3137	0.3259	0.468	-0.4277	0.1108	0.1543	-0.1953	-0.1028	-0.4381	0.3494	-0.3556	-0.4045	-0.3747	-0.3593	-0.3546	-8.5504e-2	0.1781	0.5376	-0.3583	0.2109	0.4761	-7.012e-2	0.332	0.2071	0.3001	-7.5482e-2	0.4472	0.3604	0.327	-1.647e-2	0.3113	-0.4128	0.4569	0.4273	-0.2686	-0.1159	0.3196	0.2772	-0.5284	-0.3114	-0.3495	-0.3659	0.1745	-0.1485	3.1669e-2	-0.4961	0.1843	-0.2716	-0.1427	0.1161
	-0.1285	0.1699	0.2543	-8.0717e-2	-0.4487	0.418	0.3519	3.8353e-2	0.4748	0.313	0.2965	0.4952	-0.3274	0.4858	-0.38	0.4161	-0.1997	0.2634	0.2091	1.6953e-3	-9.4373e-2	-0.4134	0.2628	0.4872	-0.2001	-0.2442	0.3458	-0.3871	0.3838	-0.4489	0.2399	6.5012e-2	-6.414e-2	0.2618	0.4701	-0.3328	-0.432	-0.3318	0.391	0.1466	0.2769	-0.4817	-0.3166	-0.2014	0.1578	-0.3971	0.1582	6.319e-3	-0.1413	-0.4451	0.3806	-0.1342	0.4836	-0.1	0.3862	-6.8888e-4	0.4756	-0.4243	5.0766e-2	-0.2707	0.3817	-6.4129e-2	-0.1972	8.4521e-2	-0.4158	-0.2755
	-0.1322	0.3292	0.1399	0.4024	-1.7792e-2	-2.8833e-2	-0.3962	0.131	-0.3378	0.2478	-0.1058	-0.2027	0.158	-0.481	0.2708	-0.5018	-0.1757	-0.3709	-0.4197	-0.4537	-0.1505	-0.2544	-0.4458	-9.8209e-2	0.326	0.2338	0.4197	-0.3955	0.3402	-3.6867e-2	0.2239	0.215	0.3222	-0.2305	0.27	0.115	-0.2333	0.4686	-0.131	-6.3799e-2	-0.2833	-0.146	-6.6815e-2	-0.1729	-6.6764e-3	-0.3313	-0.1102	0.2271	-0.3892	-8.0256e-2	5.9036e-2	-0.4876	-0.374	1.6282e-2	0.3925	-0.3468	-0.4865	0.1184	3.9993e-4	-0.3025	0.2778	-0.233	0.1929	0.2085	-1.0877e-2	-0.3372
	0.2035	0.4357	-0.3326	0.487	-0.1457	6.434e-2	-0.4952	-0.1453	0.4439	-9.3656e-2	0.1924	-0.4543	-0.1749	-0.252	0.3941	-9.76e-3	-0.2544	0.3446	-0.1093	-0.4316	-1.7905e-3	-9.5706e-2	-0.2761	-0.2743	-0.3572	-0.2711	-0.1119	0.1054	-0.1775	-0.3408	0.258	0.1639	0.3721	-0.2416	0.2388	0.157	-0.1795	0.1711	-0.2761	0.2111	0.1797	-0.4909	-0.4155	-0.2561	-0.1111	-0.1252	-2.4507e-2	3.3492e-2	-0.2667	0.2138	0.1864	0.3293	-0.1459	3.6588e-2	0.4275	-0.4046	-0.1834	0.2993	-7.5411e-2	0.345	-0.2777	-0.391	0.4057	-8.2706e-2	-0.2035	0.1269
	-5.6435e-2	-6.1042e-2	-0.4527	-0.3107	-0.4175	-0.2582	-0.1842	-0.2895	0.4073	-0.1888	-0.3836	4.5082e-2	-0.111	-0.1504	-4.7504e-2	0.3498	-6.0259e-2	0.1492	0.4574	-0.1528	0.3036	-8.7764e-2	-0.5226	2.6481e-2	0.4588	-0.1814	8.908e-3	-0.3503	0.2731	-2.154e-2	0.2926	-0.1059	0.4798	0.2579	-9.8631e-2	-4.8186e-2	0.4463	0.2943	0.2268	-0.3376	-1.678e-2	-8.5382e-2	-0.3862	-0.3531	7.1245e-2	0.5049	-0.2688	1.9772e-3	0.3572	-0.1036	0.3567	0.2662	-0.4807	0.4936	0.2562	-0.5021	-0.5251	0.2907	0.2337	0.3054	-0.3332	-0.2689	0.2831	0.4321	-0.5424	0.335
	-0.1938	-0.4768	0.1984	0.367	0.4668	8.1487e-2	-0.1974	-7.6444e-2	0.4093	0.5335	-8.2037e-2	-0.4435	-0.4574	5.6512e-2	5.8006e-2	-0.2787	3.0959e-2	6.076e-2	0.2864	0.31	0.208	-0.3765	-5.2225e-2	-0.2323	-2.3535e-2	0.187	-0.1892	-0.175	-0.3082	0.3996	-0.3968	1.0625e-2	1.3458e-2	0.4494	-0.4335	-0.4188	0.4015	0.3595	0.1688	0.2475	-0.305	0.1172	-0.2465	-0.3882	-0.3153	-0.3861	-0.4758	-0.3367	-0.2374	0.2932	0.2956	0.1258	-0.2807	0.1195	-0.2609	0.4343	0.4673	-0.3873	-0.4332	0.4463	-2.361e-2	-0.1814	-0.2707	0.1067	-0.1922	-8.3034e-2
	-0.4191	0.2838	-0.369	-0.465	0.4819	-0.494	-0.4251	-8.5073e-2	0.3424	0.5844	-0.3819	5.916e-2	0.1098	-0.3258	0.141	5.5998e-2	-9.1322e-2	-8.3349e-2	0.4099	0.3514	0.2493	0.4504	-0.1548	-0.162	-0.3239	0.5545	-0.4606	-5.7857e-2	-9.0805e-2	0.1819	0.4782	-0.3828	0.4075	0.3865	0.1676	6.4024e-2	0.275	-0.136	0.2608	0.4444	-0.2771	-0.4595	0.2767	-0.4616	-0.3958	0.3348	0.2389	-0.4974	-1.7557e-2	-0.292	8.9443e-2	0.164	5.5117e-2	0.3693	0.1742	-9.3897e-2	0.3998	-0.3568	0.3002	-0.1029	0.3159	-0.4528	0.1612	0.1383	-0.4596	0.4594
	-0.4697	-5.7773e-2	0.2679	-5.5605e-2	-6.5171e-2	0.1187	-0.3355	-8.2861e-2	-0.4425	0.2362	0.1336	-5.6937e-2	0.1986	0.2572	0.4397	-0.2526	-9.0017e-2	-2.259e-2	0.4768	0.1273	0.2345	0.1681	-0.2055	0.1258	0.4119	0.2585	0.1068	6.8185e-2	0.4994	-0.176	0.2768	0.4825	-0.4377	0.3928	-0.3099	0.5036	4.4918e-2	-0.2641	0.167	-0.1873	0.1552	0.3037	0.4254	0.1336	0.2483	0.1816	-0.4137	-0.4033	-0.2369	-0.3227	0.1601	-0.4527	-0.3342	-0.4671	-0.2381	6.6158e-2	-0.3092	-0.4883	0.3407	-0.195	-0.3279	-0.4945	-0.1881	0.2297	0.3902	2.3468e-2
	-0.2953	-9.7874e-2	-0.4744	0.35	-0.3333	0.4368	-5.2658e-2	0.2719	0.4008	-0.384	-0.454	0.3415	0.1098	0.323	0.2117	-0.3468	-0.101	-0.4068	0.2484	0.4563	-0.1045	-0.3669	-0.1564	-4.8671e-2	-0.3043	-0.1198	-0.413	-0.2712	-1.5308e-2	2.8009e-2	-0.2353	0.2049	-0.2117	-0.2243	8.6848e-3	0.4044	0.5257	-0.2781	8.278e-2	0.169	0.2814	-0.2317	0.3276	0.2043	0.1161	0.1804	-0.2996	-0.4607	-0.2787	0.4111	-2.7618e-2	0.3729	-0.2851	0.1043	-0.2174	0.3237	-0.4731	0.2316	-0.3189	-0.116	-0.2088	-0.3645	-0.3062	0.4842	-1.6445e-2	0.1972
	-0.393	-0.2956	3.5733e-2	0.3602	7.9663e-2	0.2104	0.1332	-0.3732	0.4871	0.4067	3.0305e-2	0.4117	-0.2514	1.1122e-2	0.233	0.2401	0.4267	0.4003	0.3017	-0.2263	0.1574	-0.3804	-7.6532e-2	-0.4516	-5.2962e-2	3.7466e-2	0.2645	-6.8716e-2	-0.4699	-0.269	-0.3693	0.4901	0.3076	8.9262e-2	-0.3257	0.4977	0.3729	-0.1633	-0.1507	-0.2559	-1.0682e-2	-9.5887e-2	0.314	-0.4554	0.2305	0.3403	0.186	-0.3524	-0.4497	6.1715e-2	-0.1152	0.2003	0.1797	-9.8875e-2	-0.2256	0.4044	-0.4374	0.3477	0.1163	-0.203	-0.1777	0.2128	0.5187	-0.4133	0.2782	-0.3826
	-0.168	0.2873	0.2819	-0.2097	0.4242	-4.8331e-2	-0.2042	-1.9347e-2	9.4924e-2	4.4877e-2	-0.3312	-0.2933	0.1771	-0.1461	-0.2405	-0.3988	-2.9114e-2	-0.3335	6.133e-2	0.4146	-0.1109	0.2624	0.2828	0.3232	0.4447	0.3475	-0.1506	0.3011	0.3509	-0.3062	0.1303	-0.548	0.379	-0.3094	-0.1302	0.2179	0.1506	0.4627	-0.147	0.1806	-0.4433	0.3698	0.3385	-6.304e-2	0.1089	-0.4012	0.3643	-0.2773	-0.276	0.2758	0.4873	3.509e-2	-7.0171e-2	2.7327e-3	1.6287e-2	0.2106	0.2641	0.308	8.1596e-2	0.1963	0.2708	0.4569	9.85e-2	-0.2724	-0.1107	0.2371
	0.1186	-0.3988	-0.3779	-0.144	-0.2708	0.2507	-7.0905e-2	-7.4557e-2	0.4015	-0.3356	0.1073	-0.4074	6.962e-2	-0.4784	-0.2264	-0.4011	0.312	-2.4098e-2	1.735e-3	0.1495	0.2654	-0.1599	-0.4237	3.7746e-2	0.184	-6.7169e-2	-2.8932e-2	0.3941	7.895e-2	-0.126	0.2571	-0.4837	0.4002	0.4708	0.2924	0.1747	-0.5274	0.3005	-0.1807	-3.2573e-2	3.0359e-2	-4.544e-2	-0.4467	0.2659	3.3113e-2	-0.2975	-0.1145	0.3688	0.36	0.3448	0.3694	0.1065	-0.2464	0.1855	-0.3274	0.2346	0.1134	-0.2699	-0.3228	0.1649	5.2525e-2	-0.3848	-0.4896	-0.4333	3.6181e-2	0.2313
	0.3754	0.2791	-0.3841	5.0151e-2	0.2476	-0.4566	-0.4533	-0.1029	-5.4692e-2	-0.1876	0.3418	-0.2066	-0.1616	-0.1951	-0.3744	-0.3766	-0.1536	-0.2146	-1.8336e-2	-0.1182	9.5678e-2	-8.4594e-2	-4.0479e-2	-2.7042e-2	-0.5033	1.6334e-2	-0.2717	-0.1383	0.1985	0.1376	0.3469	-5.829e-2	-4.488e-2	-0.3549	-6.6042e-2	-0.1257	1.303e-2	-0.1269	-0.2544	-0.2874	0.4857	8.716e-2	0.4285	-0.4464	-0.4093	-0.4107	-0.453	0.23	-0.2959	4.7578e-2	-7.4815e-2	-3.5163e-2	-4.3811e-2	0.3509	-0.4571	-0.4341	-8.1199e-2	0.3655	-2.8809e-2	-0.2106	-0.428	-6.0019e-2	5.4336e-4	-0.4874	-0.4505	-0.1863
	-0.3293	-2.2496e-2	-0.4701	-0.2555	-0.1298	1.504e-2	-0.1636	0.4217	0.2935	-9.8574e-2	-0.2982	-0.3006	-0.3502	-0.3725	-0.1599	-0.1519	0.3137	0.2784	0.2006	0.3283	0.4276	0.4223	-0.2585	-0.5056	-0.3458	0.1506	0.2096	-2.9348e-2	0.1518	-0.44	0.1788	0.1955	0.4724	-0.1726	-9.4407e-2	0.3284	0.1909	-0.4602	1.0581e-2	-0.2916	-0.4878	1.9384e-2	-0.3303	-0.1356	-0.3724	-0.1757	-0.4192	-7.8043e-2	-0.2723	0.3906	-0.2817	-6.4138e-3	0.313	0.1277	-3.3384e-2	-0.2903	0.317	0.2558	-0.1691	-0.32	-0.1364	-0.3843	0.1682	8.8578e-2	0.4367	-0.1337
	-0.3464	0.2178	0.4432	-0.2558	-0.236	-9.0264e-3	0.2315	0.502	-0.3627	0.4242	-2.9685e-2	5.155e-2	-0.3491	-0.4961	0.1689	-0.3918	0.1789	-9.8233e-2	0.2917	-0.4501	-0.318	-7.7927e-2	2.0148e-2	-0.4882	-0.2631	-0.3311	-0.2911	-0.3286	0.4779	4.3751e-2	-0.3279	0.4296	0.198	0.1439	0.19	-0.1876	-0.3155	0.2704	0.2517	-0.4445	-0.4055	0.3819	5.9144e-2	0.2877	-0.4084	0.1268	9.1722e-2	-0.233	-0.451	-6.1616e-2	6.1407e-2	-0.1094	-0.3589	0.4364	-0.1497	-7.4443e-2	-0.385	-0.4723	-0.115	-0.4399	0.2776	-2.8204e-2	-0.1051	0.4826	-0.103	-0.1135
	0.4508	0.3569	-0.3368	0.4955	0.2201	0.3393	-0.2189	-0.434	1.7343e-2	6.7446e-2	0.5025	-0.4031	-0.1803	-0.1642	0.4265	0.2338	-4.9249e-3	0.3087	0.1983	-0.234	-0.1219	0.1317	-0.2696	0.232	0.3188	0.3057	2.0358e-3	-0.5014	0.4004	-0.1235	-4.8022e-2	0.2108	0.1258	-0.2215	0.1692	0.1617	0.1893	0.2011	-0.2299	0.1951	-0.4602	0.4538	0.3665	-0.3779	-0.5136	-0.1771	0.4061	4.3587e-2	-0.487	-7.0621e-2	0.4029	6.2842e-2	0.1917	0.1407	0.2471	-0.4306	0.4108	-0.283	0.1249	0.1079	0.1025	-0.2248	0.2515	5.7497e-2	7.5924e-2	-0.3302
	0.3922	0.4594	3.7208e-3	0.3629	0.1887	-2.9374e-2	-0.3826	0.2454	-0.2978	0.4546	0.1275	0.4169	0.2351	-0.4486	-0.256	2.8063e-2	0.329	0.1731	0.2615	-0.4646	0.4023	-7.4403e-2	-0.337	-0.1562	-0.3963	0.144	0.1477	-6.2884e-3	-0.2335	0.4112	0.327	-0.1862	0.2935	0.2941	-0.4505	-8.2941e-2	0.4427	-0.1673	-0.5086	0.5009	1.8896e-2	-0.3988	-6.991e-2	0.4526	-0.488	0.4534	-0.2592	0.1802	-0.23	6.1729e-2	0.1006	0.1935	-0.3001	0.2379	0.4571	0.2731	-2.6965e-2	0.3063	-6.2899e-2	-0.5098	9.2406e-2	-1.0645e-2	-0.1029	-7.3064e-2	0.3961	-6.974e-2
	0.4155	-0.4202	0.3619	0.3451	-0.1252	0.4599	-0.1017	-0.3261	0.1816	0.1083	9.0965e-2	0.4868	0.4253	-0.3583	0.254	-0.4034	-0.1271	-0.347	3.8401e-2	0.4081	-0.2229	-0.2352	0.1289	0.4108	3.6015e-2	0.2114	-0.1614	9.3952e-4	0.3812	0.4619	-0.3005	-7.4772e-2	0.2667	9.2297e-2	0.1632	0.3542	0.4283	0.1216	0.3611	0.3742	-9.9304e-2	0.4942	0.3136	-5.562e-2	-1.4912e-2	0.3333	0.1015	-0.1465	-0.1557	-0.4279	-0.4393	-0.454	-0.2248	-0.2408	-2.1731e-2	-0.3697	0.1289	0.2636	-0.1239	-7.5381e-2	8.2439e-3	-0.3766	0.3906	-0.1798	0.1198	4.6631e-2
	0.1039	0.11	0.1697	0.4792	-0.2048	-0.4253	0.4777	0.137	-0.2028	-0.4284	0.411	0.3961	-0.1459	-0.4026	-0.1622	-0.2396	-0.2919	-0.32	0.2091	5.1616e-2	0.2698	0.1925	-0.3342	7.0822e-2	-0.1203	7.3175e-3	-0.4172	-0.1283	0.2901	0.1813	-0.3238	-0.3899	-0.1906	-0.3455	-0.2005	8.4081e-2	0.1231	-6.6471e-2	0.3875	-0.4393	-9.0714e-2	0.3269	-8.6055e-2	-0.1259	0.1251	0.2159	9.1791e-2	-0.3633	-0.2986	-0.2791	0.468	-0.29	0.4638	-0.2621	-0.2116	-0.3713	0.3531	-0.354	-0.1656	-0.4664	-0.1552	7.0148e-2	-0.2099	0.4824	-0.3351	0.1103
	-9.2881e-2	0.1742	0.5104	-0.2577	1.5145e-2	-0.3277	-0.2986	0.3668	-0.4951	-0.2308	-2.0305e-3	9.8461e-3	0.118	-0.1716	-0.123	0.5085	-3.9282e-2	-0.1655	-0.1074	-0.1535	-0.322	0.455	0.1616	0.2909	0.4634	0.3939	0.2004	-0.2126	-0.215	-0.2126	0.1601	0.2109	-0.3789	0.1598	0.1331	-5.2102e-2	0.3744	0.2891	-0.3504	0.291	-0.1411	-0.2993	-0.1251	-0.5521	0.292	0.1107	-0.5271	0.3448	-0.4304	0.5258	-0.4564	1.5322e-2	0.4183	-0.2365	-0.2799	-4.4495e-2	0.3436	-0.123	0.2349	-2.03e-2	0.225	-0.1878	-0.2024	-5.4814e-2	0.2044	-0.2012
	-0.4173	0.185	0.3277	0.3221	0.1905	0.2845	0.2715	-0.3558	0.3178	-7.3394e-2	0.1233	0.2462	-0.3775	-5.5673e-2	-0.1932	1.8629e-2	0.3258	-0.2494	-0.2809	-0.2167	0.2908	2.9682e-2	-0.258	3.1406e-2	0.4683	0.1484	-0.3392	7.0028e-2	0.1466	0.1359	-0.3363	8.2795e-2	0.2193	7.1695e-2	-4.0897e-2	-0.1854	0.2057	0.1054	0.3622	-0.1114	-0.5023	-0.4429	0.4492	0.2961	-0.2354	-0.3762	-9.8011e-2	-0.4648	0.5252	-0.2616	0.4102	-0.3808	0.4222	0.2793	0.458	-0.2808	-0.4027	0.4782	0.2926	-8.265e-2	0.1062	-0.5125	-0.166	-0.1161	-0.2746	-3.9127e-2
	0.3856	0.2677	0.307	0.173	0.1623	-0.4196	-0.3976	0.4292	-0.1913	-0.3924	0.1779	0.3935	-0.2643	-0.3478	9.4595e-2	-3.4454e-2	0.3554	-6.9168e-2	-0.3076	-8.0185e-2	0.3412	-0.1733	-7.1206e-2	-0.4692	-0.393	-0.2001	8.8557e-2	1.2432e-3	-4.5716e-2	-4.0088e-2	-0.386	0.3487	-0.3781	0.2496	-0.2898	0.3553	-0.2841	-1.7304e-3	-6.1936e-2	0.1205	0.2382	-0.1373	-0.3915	0.3387	0.3577	0.4376	0.2361	-0.3676	0.4176	6.9475e-2	0.3421	-0.47	0.399	-0.1543	1.7651e-2	-0.2201	0.2464	2.4044e-2	-0.3706	0.1107	-0.4682	0.312	-0.2085	2.5223e-2	0.3681	-0.3175
	-0.2158	-0.4691	-8.2852e-2	0.3265	0.2036	-0.2528	-0.2561	0.3593	5.8572e-2	-0.1742	-0.3282	0.1698	0.4293	0.3843	0.1206	0.1862	0.3083	0.2354	0.3713	-0.477	-0.1974	-0.1404	0.1424	0.2412	-0.193	-0.4527	4.5581e-2	9.091e-3	0.457	-0.1589	-0.1643	-0.3374	5.8465e-2	0.3722	-0.435	-0.2422	0.3174	-0.1992	0.4114	-0.3758	0.334	0.2254	6.1362e-2	-0.3291	1.3482e-2	-0.4843	-0.2505	-0.3683	0.2923	-0.4858	0.4766	-0.221	-7.201e-2	0.2527	-0.483	-0.3625	0.1629	0.3321	-0.1061	0.3826	0.3738	0.3122	-0.1555	0.4752	-0.4262	0.3892
	6.9717e-2	0.1927	0.4425	0.3584	-0.2766	-0.4342	0.1129	2.6391e-2	0.2791	0.1833	0.3831	0.4576	-0.1064	-0.1364	-0.445	-1.7223e-2	-0.2617	-0.3021	6.0467e-2	8.7781e-2	-0.2077	-0.3507	0.3933	0.2499	-0.4533	-0.2277	0.1557	-7.0239e-2	0.3058	-0.4472	-0.4255	-0.3175	0.4081	-0.1077	-0.4485	-0.2388	0.4668	-0.1569	9.3261e-2	-0.2167	7.28e-2	-0.4802	0.1659	-0.3426	6.7996e-2	0.1963	0.1578	-8.7752e-2	0.2827	0.214	-0.3089	0.2804	0.3027	0.1655	9.5569e-2	-0.4848	3.2166e-2	-0.4901	-0.2008	-7.6617e-2	6.4262e-2	0.4699	0.252	0.427	-0.2096	0.3819
	-0.2759	0.3438	0.4986	-0.3357	-0.2608	-0.3104	-5.7093e-2	-0.2297	0.3061	-0.2331	-0.4702	0.1328	-0.4151	0.3683	-0.2422	-0.3988	0.4681	-0.3098	2.6992e-2	-0.2761	-0.2021	6.2805e-2	6.2494e-2	0.4899	-0.3846	-4.714e-2	0.2384	0.2883	-7.2101e-3	-0.2511	0.2101	-0.1066	-0.3691	0.3095	0.3721	-0.4611	-0.2076	-0.2545	0.3712	0.3715	0.264	-0.3107	-0.528	0.2781	0.3431	-0.1671	-0.3249	0.4549	-0.325	0.4551	0.315	0.1623	0.3877	-0.2353	-0.3539	-8.1017e-2	0.3532	-0.4276	-0.1226	0.3788	8.3802e-3	6.9053e-3	-1.1222e-2	-0.202	0.2349	9.0361e-2
	0.5269	-6.535e-2	0.5364	0.4273	-0.2981	0.2203	0.4633	-0.1307	0.4408	0.1053	0.3229	8.0172e-3	0.1175	0.117	-0.1021	0.2692	0.3402	3.3056e-2	-0.3082	-0.5825	-0.2169	0.3346	-0.2957	-0.6401	-0.3711	-0.2679	0.1103	0.3579	-0.3135	0.3075	-7.6143e-2	0.5532	-0.504	-0.5376	0.1971	0.1219	0.5115	-7.2045e-2	0.2539	0.3235	0.4581	0.2354	-0.1645	-0.2469	-0.1049	-0.5026	-0.3044	0.2269	-7.3352e-3	0.4049	0.3096	0.3479	0.2332	-0.1166	0.2331	0.1598	-0.321	0.2288	0.577	-0.1976	-0.1026	0.2806	-0.4142	0.4355	0.1935	0.1278
	-0.2735	-4.4155e-4	-0.1762	0.3792	-0.128	0.4468	-0.3664	-0.1518	0.5175	-0.4467	0.3114	-0.4655	3.1297e-2	0.4651	-0.1699	-0.3301	-0.1566	-0.2057	-0.3788	0.119	0.1804	-0.2117	0.2044	-0.3432	8.0762e-2	0.2361	4.8896e-3	-0.1045	-0.3171	-0.4882	0.438	2.5055e-2	5.423e-2	-0.1272	-0.2236	0.274	0.1339	-0.3314	0.3464	-0.3102	0.2084	0.2039	0.1196	0.2999	-0.1817	-0.2496	3.1301e-2	-0.3783	-0.1767	-0.4216	9.4974e-2	-0.5132	0.3724	0.2837	-0.3034	-0.2045	-0.295	-0.2533	-0.3744	0.3252	-0.3613	-0.259	0.4597	-4.2769e-2	-0.4674	-7.6666e-2
	-0.4858	7.1173e-2	-0.3189	5.7514e-2	0.2236	0.2581	0.1836	-0.206	-0.261	-6.5475e-2	3.0656e-2	0.3387	0.3648	0.31	-0.2153	0.4412	0.1628	0.2729	-0.3237	0.2464	-0.4872	-0.1056	-0.4454	-0.507	-0.1065	0.4956	-0.3523	-0.4863	-0.4719	-9.8396e-3	0.4546	-0.4549	0.2551	-0.1811	0.4999	-3.5149e-2	4.0563e-2	-0.2324	0.2598	-0.3348	-0.4928	-0.4896	-0.3637	0.4393	-0.2187	3.1929e-2	-7.6675e-2	-0.4714	-0.1182	-0.1862	-8.5144e-2	-3.6677e-3	0.2562	0.4107	-1.6682e-2	1.0705e-2	-0.2353	-0.4683	-0.3654	-0.2511	-0.3003	-0.1578	-0.3681	0.1288	-0.2493	-0.2863
	-0.4936	4.2511e-2	0.4631	-0.2982	0.2606	0.4432	-0.1656	4.7644e-2	-1.253e-3	-7.4125e-2	0.3234	0.1564	-0.1607	0.2036	0.2108	-0.2496	-0.2418	0.2643	-0.4763	-0.2409	-0.2949	0.2911	8.4916e-3	-0.5032	7.4543e-2	0.4958	-0.396	-0.3332	-0.1283	5.2155e-2	-1.6093e-2	-0.2325	3.3138e-2	-0.1534	0.2042	0.249	0.2428	0.1297	-0.1591	1.1183e-3	0.2964	0.3017	0.3579	0.4374	0.3018	-0.1103	-0.3345	-0.2445	0.1915	-0.5262	-0.4197	0.3018	-0.447	0.4943	0.4781	0.199	8.0272e-2	0.3869	-0.1807	-0.3114	-0.3796	-2.1839e-2	0.1144	3.4576e-2	0.503	0.4427
	-0.2884	-0.254	-0.506	0.378	2.7301e-2	0.1245	0.4069	-0.3948	0.1627	-0.4207	0.2018	0.4866	0.1141	-0.1044	-0.1088	-0.2669	0.3259	0.3673	-0.2796	-0.3282	0.4862	0.1077	-0.2035	0.2091	-0.3554	0.309	0.4841	0.1572	-9.0479e-2	0.502	0.2299	9.0242e-2	-0.4636	0.334	2.1808e-2	0.3103	0.4611	0.2748	0.446	-0.2065	-0.3673	-0.2996	0.1793	-0.3292	-0.1762	0.3729	0.1969	-0.4017	0.1416	-1.8155e-2	2.0808e-2	0.164	-0.3837	0.1994	0.2816	8.0495e-2	-0.3001	-7.179e-2	-0.2688	0.2282	7.5394e-2	0.4576	0.2951	-8.8391e-2	0.2269	-0.3449
	-0.1148	0.2464	-0.1892	-4.5378e-2	-4.7252e-2	-4.7185e-2	-0.4617	-0.4547	0.4473	-0.246	0.2115	3.8885e-3	-7.6282e-3	0.4866	9.462e-2	0.1614	-0.2841	-0.1651	0.1383	0.4845	-0.2847	-0.3004	0.4437	0.1288	-2.6311e-2	0.3845	6.0591e-2	-0.1536	9.8423e-2	-0.3745	0.4254	0.3099	-0.4627	0.3112	4.6032e-2	0.3648	0.2933	0.3188	-9.7813e-2	-0.2264	-9.8838e-2	-0.1727	-0.1929	0.5019	-0.1576	0.3576	0.2528	-0.3434	0.1148	2.0814e-2	0.1001	-0.3308	6.7511e-2	-3.7497e-2	0.1713	9.6213e-2	-6.6187e-3	-0.2612	0.2615	0.1576	8.7358e-3	0.1386	-5.2356e-2	-5.3737e-2	-0.4015	-0.2444
	-5.0618e-2	-0.1261	-0.3849	7.5569e-2	-0.4043	-0.1689	0.2675	0.3036	-0.2162	-0.3989	8.951e-2	-0.1224	0.3278	-0.2407	-8.5655e-2	6.833e-2	-0.214	-0.4492	-9.4602e-2	0.3654	-7.2075e-2	0.4604	8.6334e-2	5.4687e-2	-0.2068	-0.309	0.3696	-0.2542	9.9156e-2	0.3153	-5.1904e-2	-0.3657	9.4222e-2	0.1461	0.4291	-0.2646	-0.4778	4.8222e-2	0.4885	-0.3438	0.3735	0.1536	-0.1259	0.4528	4.5236e-2	7.0443e-2	0.1392	-0.4656	-0.3782	9.4628e-4	0.3622	-0.1457	0.4949	-0.2383	0.1924	0.1038	-0.4547	-0.1621	5.9686e-3	0.385	-0.2444	-0.3095	2.6741e-2	-0.185	-8.6857e-2	0.3882
	-8.204e-3	-0.2221	9.6017e-2	-0.3969	0.2714	0.3385	-0.1937	-0.3988	-0.3006	0.3864	0.3472	-0.158	0.4345	0.4429	0.3819	-0.1701	0.3369	5.1298e-2	0.3597	-0.3262	-0.3836	0.4976	0.4546	-5.7987e-2	-0.3012	-2.2127e-3	0.4127	-0.4121	-0.2259	-8.7415e-3	0.1345	0.3639	-0.4316	-0.1596	0.3199	0.3744	-0.146	0.103	0.4604	-0.4758	-6.42e-2	-0.2383	-0.1457	-3.3544e-2	-0.1213	-0.1348	-0.4981	0.5362	-0.425	0.2213	-6.7637e-3	0.3642	0.1357	6.6634e-2	-4.5723e-2	-0.1856	-9.4321e-2	-0.2811	-0.2304	-0.459	-6.6331e-2	-2.939e-2	-0.4518	-6.4943e-2	-0.505	-0.3154
	-0.4909	0.3781	-7.9646e-2	0.3303	2.7866e-2	-0.2505	-0.2016	-0.3087	-0.2129	-8.6277e-2	6.9172e-2	0.3638	0.105	0.4505	-0.3822	-1.1351e-2	-0.4107	-0.3879	-3.4702e-2	-0.2887	-0.2116	7.1154e-2	-0.1482	-0.4016	-0.1898	0.4259	0.2793	-0.4877	-0.2804	-0.3075	0.3767	0.4225	1.3264e-2	0.2386	-0.2745	-0.1503	-0.118	0.2188	0.2067	-4.3e-2	0.4857	-0.3147	-0.4141	-0.4108	-0.1116	-0.1879	-0.2496	1.1684e-2	-4.5823e-2	0.4233	0.1879	-0.3601	-0.1583	-0.2364	-0.3808	-9.2459e-2	-0.3747	1.8758e-3	0.4207	0.4435	0.1432	-0.1412	0.2465	0.3981	0.1828	-5.9308e-2
	-3.858e-2	2.1673e-2	0.3156	-0.1378	0.4889	0.3688	-0.2089	0.2182	0.1451	-0.2727	0.3316	-0.2748	0.1439	-0.4551	0.1552	0.4196	0.4413	-0.2907	0.2731	0.43	-0.3961	-0.3796	0.1228	-0.467	0.2392	0.2708	-0.2055	-0.4595	-0.2333	9.0462e-2	0.1726	-4.3778e-2	0.4124	0.2404	-0.3472	-0.2846	0.3935	0.1261	0.2041	-5.8864e-2	-7.6344e-2	-3.4356e-2	-6.5072e-2	-0.168	0.3134	0.4308	-0.2634	-0.1552	0.1007	0.1992	0.1839	5.2227e-2	1.8885e-3	-0.4045	-0.3024	-0.1538	-1.8865e-2	0.2194	0.1217	-0.3138	-0.2057	0.4317	-0.1751	-0.4349	-0.2996	5.213e-2
	-0.3516	-0.4865	8.9148e-2	6.2752e-2	0.1853	-4.8076e-2	-9.4937e-2	-0.4337	-0.2199	-4.3609e-2	0.1509	-0.1257	2.1087e-2	0.2082	0.5109	0.3625	0.4297	0.1938	-0.2635	-0.2345	-0.1013	-0.4805	8.7101e-2	-0.2775	-0.2941	-0.4516	0.3081	0.345	-0.4247	-0.3808	0.435	-0.2336	-4.3233e-2	-0.4487	-0.4879	1.8541e-2	-0.2193	3.1965e-2	0.2617	0.295	-0.3613	-3.1136e-2	-0.2219	-7.0883e-2	0.4553	0.2771	-0.2632	-0.2273	0.3791	7.1672e-2	-8.3366e-2	-0.3905	0.1994	-0.3829	0.1418	-0.2443	3.6618e-3	-0.2504	0.2151	-0.1299	-0.1353	-6.6485e-2	-0.4751	-0.1655	-0.3134	0.2829
	0.2973	0.1852	5.1649e-2	4.367e-2	-0.2216	-2.7521e-2	-0.1656	-0.1515	0.2444	0.1046	0.2299	0.2496	-0.3294	-0.421	-0.1001	7.5368e-2	-0.3442	-0.2648	-0.3348	0.2595	0.1583	-0.2815	6.1219e-2	-0.4051	0.1325	0.4815	0.2112	0.25	-0.157	-0.1792	-2.0722e-2	-0.1195	-1.3459e-2	0.2469	-0.127	3.6976e-2	-0.3359	-0.1887	4.1336e-2	-0.3568	2.1409e-2	-0.4562	6.0606e-2	-0.2906	0.3815	0.4389	5.4098e-2	0.2145	0.3444	-0.3274	-0.3438	-0.1073	-0.2573	-0.3941	0.1257	-0.1556	0.285	-0.4531	0.1604	-0.2046	-0.1576	-0.3719	-0.1369	0.1112	0.4852	1.7295e-3
	-7.1611e-2	0.3084	0.1285	-0.48	0.2647	-0.3819	-0.103	-0.5202	1.9708e-2	0.5009	-0.3959	2.0364e-3	-0.4202	0.2892	0.3746	-0.4319	-0.3862	1.3401e-2	-5.5556e-2	-0.4193	-0.3685	0.1917	-0.1318	-0.1935	0.4161	0.437	-3.101e-4	-8.284e-2	-0.2492	-4.0872e-2	-0.2006	-6.5809e-2	0.2542	-7.7301e-2	-0.491	-8.0633e-2	-0.2575	0.3071	-3.2228e-2	-0.3344	-0.3757	-0.3995	-0.1878	-0.1994	0.3212	-0.2901	-0.3221	-3.4977e-2	-0.2205	0.4447	0.3419	-0.1618	-0.1798	0.2866	-6.3646e-2	-0.2297	0.4223	-7.3453e-2	-0.1373	0.1447	9.7706e-2	-0.3344	-4.3866e-2	0.2125	0.4129	-5.4514e-2
	6.3506e-2	0.1321	0.3104	0.5053	0.2428	-0.4477	0.4746	-0.3994	-0.4349	-8.9696e-2	-0.1858	-0.5003	5.7692e-2	0.4264	-0.2989	-0.324	-0.4677	-0.3097	-0.1074	-0.3514	-7.5863e-2	0.2815	0.1254	9.5266e-2	-0.2035	-0.4521	0.4151	0.2749	-0.1123	-0.1176	0.2573	-0.2832	0.1229	0.4572	-0.3258	0.3135	9.146e-2	0.2396	-0.335	-0.4852	0.2247	0.1144	-0.3608	9.002e-2	0.4664	-0.4088	5.382e-2	0.1011	-0.3984	-0.3493	0.2407	0.4109	-0.4163	-0.1104	-0.2145	0.298	-0.2774	-0.1533	0.2308	0.1825	-0.1337	-0.1885	0.1904	-0.3046	2.4048e-2	-0.402
	-0.4124	-8.7828e-2	0.1692	0.1394	-0.4819	0.1122	0.1809	-0.2773	-0.1061	0.3175	-0.151	4.1588e-2	-0.2331	0.3694	0.4395	-0.1374	2.268e-2	0.2728	0.3034	4.8218e-2	0.2485	0.1346	-0.2049	0.3549	0.2773	-9.5316e-2	-5.8316e-2	-0.135	0.363	0.218	-0.3519	0.1239	0.1564	0.1786	-0.499	-0.4737	0.458	0.4399	-0.4376	-0.4038	0.1181	-0.2413	0.3761	0.4811	5.6235e-2	0.3696	-0.4589	0.3085	0.2862	0.2741	0.3536	0.1068	0.3308	-5.2468e-3	-0.2557	-0.2122	-0.2603	0.4475	0.2785	0.5006	-0.2485	0.4306	-0.3017	-0.2531	-0.1161	-0.1625
	-4.0403e-2	1.738e-2	-0.531	-0.4339	0.175	0.3736	-7.3895e-2	0.1727	0.1628	0.1198	0.4375	-8.8131e-2	-0.2157	0.3427	-0.3344	-0.2436	0.255	-0.3644	0.1391	-0.1177	-0.2156	0.4353	-0.3597	-8.7605e-2	0.2538	-0.1515	0.4327	-0.1902	-0.1288	0.2715	-0.4681	-0.179	-0.1149	-6.2178e-2	-0.3518	0.4695	0.524	-5.9844e-2	-5.9162e-2	0.5118	0.2343	-0.1892	-2.2738e-2	-0.113	0.1189	0.1742	-1.9074e-2	-0.3165	0.4395	-0.2479	-0.244	-0.4272	-0.332	0.2975	0.3121	0.3134	-4.1671e-2	0.5295	0.4376	-0.2817	0.1882	0.2707	-0.2678	-0.1099	-1.3615e-2	0.1759
	0.2191	-0.4855	-0.3569	-0.2203	-0.4022	-0.3821	-0.3169	1.6982e-2	-0.3491	3.4927e-2	-4.6758e-3	-0.4726	-0.2295	-0.4515	-0.4899	0.477	-0.464	-0.1313	0.3444	0.2838	-0.371	0.3846	-0.4327	-0.2435	8.2015e-2	3.855e-2	-0.1752	8.2446e-2	-0.4129	-0.1147	0.1207	-0.2772	0.5141	0.3259	-0.3301	0.4838	-1.6983e-2	-9.8314e-2	7.1722e-2	0.2845	0.3598	-0.4571	0.2872	0.1735	0.2023	-4.5645e-2	-0.277	-0.2118	0.4377	0.476	0.3248	-0.4834	0.2084	-9.4067e-2	-0.1454	0.2568	-0.1791	-0.388	0.2845	-0.1459	0.149	-0.3463	-0.4385	2.7727e-2	-0.2348	0.3322
	-0.2942	-0.2759	6.9794e-2	0.3643	-0.255	-0.4988	-0.3673	0.1225	-0.2289	-3.9722e-2	0.3923	0.5027	0.4558	0.4168	-0.1276	-0.4586	-0.4432	-0.1087	3.511e-3	0.1295	-0.4795	0.2229	0.4279	-0.1291	-0.4396	0.4769	0.1055	-0.1943	-0.1859	5.1256e-2	-0.1786	-0.3499	0.1066	0.4295	0.412	0.4648	-0.1975	9.0028e-2	0.11	3.5736e-2	-0.4892	0.3351	-0.4308	-0.3411	3.4099e-2	-0.3734	0.1731	-0.1321	-6.4157e-2	0.4318	-8.3421e-2	0.3303	-2.9809e-2	-0.1325	0.3413	-0.3859	0.3517	8.6648e-2	-0.1	-0.3437	-0.2624	0.4603	-0.4032	-0.2969	-0.1355	-0.4375
	-0.399	-0.1528	-5.6076e-2	-0.3056	0.2026	-0.2745	0.3217	0.3292	0.4513	0.1549	-2.4429e-2	0.1064	-0.1053	-0.2806	-0.1059	-0.1289	0.2789	0.1522	-0.362	-0.1189	0.2213	0.3552	0.4539	-0.3645	-0.3422	-9.7943e-2	-0.2813	7.1762e-2	0.342	0.2877	-0.4596	-0.4583	0.3618	0.1041	0.1237	-7.2642e-2	-0.4408	0.4881	0.1657	5.8531e-2	0.2187	2.6152e-2	-0.2044	2.2178e-2	-0.2605	-0.315	0.2573	0.1312	0.4308	0.3623	0.1997	0.3113	0.1893	0.2732	-0.4088	-0.1937	-0.4656	-0.3528	0.3139	9.7333e-2	-0.4985	0.2018	0.1797	0.3462	-8.1587e-2	0.4565
	-0.373	-0.1892	0.1226	-4.7122e-2	-0.1973	-0.2771	0.4117	0.4742	0.4856	0.3129	0.213	-7.8673e-2	0.4059	-0.2233	6.4614e-2	0.4424	-0.4926	-0.4096	0.1213	-0.4869	0.2711	-0.5232	-0.2578	-0.1189	-9.7555e-2	6.6343e-2	0.1821	-0.3522	-0.2282	1.8026e-2	-0.1253	-3.8635e-2	-7.6972e-3	0.2757	0.1793	0.1576	4.6559e-2	0.1668	0.1726	0.4174	0.229	-0.4751	0.1799	-0.4267	0.306	0.2843	-0.2324	0.1702	0.3634	0.3115	-0.4463	0.329	-0.2434	-0.261	-0.122	0.4764	-0.2815	-5.2115e-2	-0.279	-0.3325	-0.4406	0.1531	0.2786	-0.4487	0.2522	0.3056
	-6.7882e-2	-0.3165	-0.1878	-0.3627	0.1971	0.4677	-0.3965	-1.0897e-2	0.2359	0.2491	1.8984e-2	-0.461	0.1216	0.2628	6.3261e-2	-8.383e-2	0.5615	-7.6486e-2	-0.2275	-0.4197	-0.4478	-0.3117	0.1909	-0.3239	0.4428	2.2703e-2	0.4715	-8.7595e-3	-5.2748e-2	0.322	0.193	-0.4021	-2.6098e-2	-0.4572	-0.1798	-0.2643	-9.7354e-2	-0.2885	-0.2713	-0.3734	0.3288	0.1479	-0.178	-0.4677	0.3071	0.3241	0.3776	-5.4965e-2	-0.1216	0.3018	-0.2532	9.6226e-2	-0.3258	0.1573	0.3508	0.3183	2.5227e-2	0.4216	0.2578	3.1212e-2	0.4422	2.6607e-2	7.4469e-2	-0.1165	-0.2925	-0.2736
	0.3773	-0.1116	-0.2761	-5.0949e-2	-0.3915	0.1952	-4.4971e-2	-0.4596	5.9032e-2	0.4262	6.4832e-2	-0.2212	0.2873	0.4202	6.1666e-2	0.3297	-0.1976	0.3945	-0.3294	0.1673	-0.1505	9.3525e-2	0.4012	-0.3599	0.1586	-0.2474	-0.3571	0.1669	0.4656	0.1534	0.4058	0.3763	-0.1008	0.2387	0.3217	0.4209	-0.2206	-0.3464	0.3778	-0.144	-0.4584	6.1332e-2	-0.4157	-0.2174	0.3974	0.4291	-0.2345	2.9284e-2	0.2692	-0.2053	0.4222	1.7e-2	0.1103	0.4105	0.1077	-0.2854	0.2595	0.2225	9.5102e-3	-0.1977	-0.3144	-0.1125	-0.2846	-4.1765e-2	0.1339	-0.4508

	-0.1234	-3.9102e-2	-0.354	-7.9042e-4	0.3121	-0.176	-0.1748	3.4849e-2	-0.3594	0.528	3.8834e-2	0.1078	5.1452e-2	-0.4494	-0.2419	0.3438	-0.2671	-3.3466e-2	0.3083	-0.1309	-0.3749	0.4071	-1.5735e-2	-0.4443	-0.6369	-0.3731	-0.142	-0.3079	-0.5462	-0.3276	-0.1764	0.4524	0.1141	-0.2415	0.3521	0.3635	-0.2434	0.2807	0.301	-0.3386	7.9799e-2	0.3706	-0.4651	1.0866	0.109	6.758e-2	9.0006e-2	0.3619	0.3493	0.2274	0.3898	-0.246	-0.1293	0.3643	-0.3539	-0.4659	0.4447	-0.3009	0.3277	0.2985	0.1455	-7.9922e-2	0.5025	0.385	0.3186	-0.2185
	-0.3876	-0.2878	8.4233e-2	-0.1476	0.5905	-0.1195	0.2274	-0.4029	-0.3492	-0.2137	2.5616e-2	-0.3929	-7.7759e-2	-0.2475	-7.363e-2	9.3267e-2	-0.1854	-0.125	0.4208	0.3828	0.2647	7.0321e-2	0.2907	3.3671e-2	9.3361e-2	0.1705	0.3177	0.4251	3.8991e-2	-5.3815e-2	0.1488	0.1138	0.2092	-2.4026e-2	0.2904	4.7058e-2	-9.6546e-2	-0.4266	0.4044	2.0167e-2	-3.8362e-2	8.7332e-2	0.3767	-0.1354	0.2873	3.4663e-2	0.4072	0.4356	0.2421	-0.3376	0.2293	0.4528	3.9053e-2	-0.2703	0.1382	-0.4637	-1.2623e-2	-0.2016	0.2443	0.3953	-0.1684	-9.3723e-3	0.1962	-0.3004	-0.2365	4.3116e-2

